subject,id,trial,source,stream,freq,amp,coeff,slope,slope_tar,gain
1,AE01,1,eyelink,right,0.2,-9,0.995522442175153,10.0451469859553,10.8660298353531,0.924454206197091
1,AE01,1,eyelink,left,0.2,-9,0.985638562814766,9.99261190619756,10.8660298353531,0.919619406315832
1,AE01,1,adhawk,right,0.2,-9,0.995920041109035,9.0362498897684,10.8660298353531,0.831605473819753
1,AE01,1,adhawk,left,0.2,-9,0.930416953047752,7.03308158431387,10.8660298353531,0.647254028461382
1,AE01,2,eyelink,right,0.1,-9,0.999474280813629,-4.54650590059546,-4.98897176530716,0.9113112109015
1,AE01,2,eyelink,left,0.1,-9,0.99969732293971,-4.32257835125134,-4.98897176530716,0.86642670165226
1,AE01,2,adhawk,right,0.1,-9,0.999599297080531,-3.91434456777566,-4.98897176530716,0.784599462958608
1,AE01,2,adhawk,left,0.1,-9,0.998388496053414,-2.77610665909172,-4.98897176530716,0.556448661104179
1,AE01,3,eyelink,right,0.1,-9,0.999624186683209,-4.68991737283894,-4.98897176530716,0.940056908209459
1,AE01,3,eyelink,left,0.1,-9,0.999702654528164,-4.50495999124718,-4.98897176530716,0.902983661397774
1,AE01,3,adhawk,right,0.1,-9,0.999625073202647,-4.14718476639725,-4.98897176530716,0.831270442385821
1,AE01,3,adhawk,left,0.1,-9,0.998442304665948,-2.70476542164373,-4.98897176530716,0.542148873331457
1,AE01,4,eyelink,right,0.2,9,0.998296060679459,-9.28094177087226,-10.8660298353531,0.854124451294648
1,AE01,4,eyelink,left,0.2,9,0.997996494847009,-9.20985472650907,-10.8660298353531,0.847582315349843
1,AE01,4,adhawk,right,0.2,9,0.995641989954751,-7.98309445124771,-10.8660298353531,0.73468364915347
1,AE01,4,adhawk,left,0.2,9,0.631115592403209,-18.1276201205251,-10.8660298353531,1.66828366893914
1,AE01,5,eyelink,right,0.01,9,0.998220232534121,0.514502033217418,0.565149628070223,0.910381972601225
1,AE01,5,eyelink,left,0.01,9,0.99516734291542,0.540478288844744,0.565149628070223,0.956345473835446
1,AE01,5,adhawk,right,0.01,9,0.995037959427492,0.199318302228022,0.565149628070223,0.352682355836666
1,AE01,5,adhawk,left,0.01,9,0.946301964781534,1.95059386578242,0.565149628070223,3.45146447754549
1,AE01,6,eyelink,right,0.1,9,0.999683050821495,4.26693256802451,4.98897176530716,0.855272943754935
1,AE01,6,eyelink,left,0.1,9,0.999363412843621,4.14628873847096,4.98897176530716,0.831090840662571
1,AE01,6,adhawk,right,0.1,9,0.999754540784838,4.15087886245226,4.98897176530716,0.832010894773363
1,AE01,6,adhawk,left,0.1,9,0.979896494974222,4.04585124494426,4.98897176530716,0.81095893808795
1,AE01,7,eyelink,right,0.01,-9,0.997453218492717,-0.335638707832347,-0.565149628070223,0.593893530423844
1,AE01,7,eyelink,left,0.01,-9,0.997903302465568,-0.471769500863201,-0.565149628070223,0.834769196388078
1,AE01,7,adhawk,right,0.01,-9,0.98413389540514,-0.308034028245179,-0.565149628070223,0.545048625966545
1,AE01,7,adhawk,left,0.01,-9,0.992490433722524,-0.172363549620963,-0.565149628070223,0.304987460063489
1,AE01,8,eyelink,right,0.2,9,0.992416562062748,-5.6991415448598,-10.8660298353531,0.524491615724944
1,AE01,8,eyelink,left,0.2,9,0.993272839108245,-5.93249686027422,-10.8660298353531,0.545967289816615
1,AE01,8,adhawk,right,0.2,9,0.995585533996537,-7.27258874391194,-10.8660298353531,0.66929585636239
1,AE01,8,adhawk,left,0.2,9,0.314262916201107,-4.79446685638194,-10.8660298353531,0.441234464567999
1,AE01,9,eyelink,right,0.1,9,0.995402591220337,5.00055352140728,4.98897176530716,1.00232147156668
1,AE01,9,eyelink,left,0.1,9,0.994756763716438,4.81326139328847,4.98897176530716,0.964780243247604
1,AE01,9,adhawk,right,0.1,9,0.993081610105331,4.48896448892117,4.98897176530716,0.899777489248788
1,AE01,9,adhawk,left,0.1,9,0.965794629090575,5.20352816557915,4.98897176530716,1.04300613640751
1,AE01,10,eyelink,right,0.01,9,0.997360794397715,0.509579577755002,0.565149628070223,0.901671968705044
1,AE01,10,eyelink,left,0.01,9,0.997920834819462,0.373855280040028,0.565149628070223,0.661515572993661
1,AE01,10,adhawk,right,0.01,9,0.994674642648376,0.507891385438953,0.565149628070223,0.898684808788098
1,AE01,10,adhawk,left,0.01,9,0.98373596655669,0.588185555768391,0.565149628070223,1.04076075883979
1,AE01,11,eyelink,right,0.01,-9,0.996915913772482,-0.128506597324209,-0.565149628070223,0.227385086960087
1,AE01,11,eyelink,left,0.01,-9,0.995956306291347,0.019591328982375,-0.565149628070223,-0.0346657380794395
1,AE01,11,adhawk,right,0.01,-9,0.994964659697572,-0.436813036463695,-0.565149628070223,0.772915728450977
1,AE01,11,adhawk,left,0.01,-9,0.984736732371409,-0.14242327296243,-0.565149628070223,0.252009849937888
1,AE01,12,eyelink,right,0.2,9,0.997079387509029,-9.5358599007683,-10.8660298353531,0.877584549762872
1,AE01,12,eyelink,left,0.2,9,0.997507692010189,-9.15113229884693,-10.8660298353531,0.842178094254197
1,AE01,12,adhawk,right,0.2,9,0.996194029818676,-9.15044075169105,-10.8660298353531,0.842114451215629
1,AE01,12,adhawk,left,0.2,9,0.177127653661575,-5.56217969759842,-10.8660298353531,0.511887026069229
1,AE01,13,eyelink,right,0.01,9,0.989659463185943,0.770162292712033,0.565149628070223,1.36275820501175
1,AE01,13,eyelink,left,0.01,9,0.992955726478406,0.502054416133114,0.565149628070223,0.888356624859586
1,AE01,13,adhawk,right,0.01,9,0.978162254599836,0.569901245087026,0.565149628070223,1.00840771502058
1,AE01,13,adhawk,left,0.01,9,0.973054574793413,0.482015238356839,0.565149628070223,0.852898443908992
1,AE01,14,eyelink,right,0.2,-9,0.992929854271234,9.60283645417902,10.8660298353531,0.883748397499863
1,AE01,14,eyelink,left,0.2,-9,0.993630541216385,9.04808718399028,10.8660298353531,0.832694859216374
1,AE01,14,adhawk,right,0.2,-9,0.991345770838873,8.60926533939961,10.8660298353531,0.792310114167824
1,AE01,14,adhawk,left,0.2,-9,0.839499411647398,6.43116669173912,10.8660298353531,0.591859841099923
1,AE01,15,eyelink,right,0.1,9,0.999066133351305,4.67387922261756,4.98897176530716,0.936842187626572
1,AE01,15,eyelink,left,0.1,9,0.998829860196553,4.55199984522388,4.98897176530716,0.912412428724905
1,AE01,15,adhawk,right,0.1,9,0.998822442107868,3.83604950454455,4.98897176530716,0.768905835711494
1,AE01,15,adhawk,left,0.1,9,0.965260036588278,3.72983840939573,4.98897176530716,0.747616660277109
1,AE01,16,eyelink,right,0.2,9,0.982287785983625,-6.83715556538965,-10.8660298353531,0.629222970025782
1,AE01,16,eyelink,left,0.2,9,0.986510895368859,-6.63098204322887,-10.8660298353531,0.610248834551758
1,AE01,16,adhawk,right,0.2,9,0.965687376056219,-6.32387950253374,-10.8660298353531,0.581986208243116
1,AE01,16,adhawk,left,0.2,9,0.743629884844217,-3.64521726606833,-10.8660298353531,0.335469101530391
1,AE01,17,eyelink,right,0.1,9,0.995235403384253,3.54545113125382,4.98897176530716,0.710657686200703
1,AE01,17,eyelink,left,0.1,9,0.997798993071466,4.54079014609137,4.98897176530716,0.910165533039814
1,AE01,17,adhawk,right,0.1,9,0.994781359112606,2.89909114111355,4.98897176530716,0.581099929503221
1,AE01,17,adhawk,left,0.1,9,0.964517788793178,2.18156259714152,4.98897176530716,0.437276998100471
1,AE01,18,eyelink,right,0.1,9,0.998932742693039,4.51885980059481,4.98897176530716,0.90576976843576
1,AE01,18,eyelink,left,0.1,9,0.99857170211157,4.53896602493327,4.98897176530716,0.909799902355994
1,AE01,18,adhawk,right,0.1,9,0.9982899588225,3.86263820073649,4.98897176530716,0.774235329932496
1,AE01,18,adhawk,left,0.1,9,0.951205387142053,2.77050624262117,4.98897176530716,0.555326101840666
1,AE01,19,eyelink,right,0.2,-9,0.991411705965042,9.33647862530498,10.8660298353531,0.859235504298758
1,AE01,19,eyelink,left,0.2,-9,0.995574837434573,9.51041669171186,10.8660298353531,0.875243012932772
1,AE01,19,adhawk,right,0.2,-9,0.992725276632389,8.18726031349268,10.8660298353531,0.753473019819535
1,AE01,19,adhawk,left,0.2,-9,0.569855777757181,5.94365004491886,10.8660298353531,0.546993716654534
1,AE01,20,eyelink,right,0.01,-9,0.943819237098252,-0.00400211737556542,-0.565149628070223,0.00708151819763408
1,AE01,20,eyelink,left,0.01,-9,0.970929964128406,-0.293143825269666,-0.565149628070223,0.518701261948351
1,AE01,20,adhawk,right,0.01,-9,0.93612513988776,-0.358459556440733,-0.565149628070223,0.634273719094074
1,AE01,20,adhawk,left,0.01,-9,0.755585819834456,-0.399859706599516,-0.565149628070223,0.707528921083941
1,AE01,21,eyelink,right,0.01,-9,0.989976422896951,-0.258110444287463,-0.565149628070223,0.456711694509674
1,AE01,21,eyelink,left,0.01,-9,0.996846041425699,-0.409732784734689,-0.565149628070223,0.72499876914681
1,AE01,21,adhawk,right,0.01,-9,0.989182663873762,-0.323992665425018,-0.565149628070223,0.573286523307701
1,AE01,21,adhawk,left,0.01,-9,0.945331515766894,0.00155368553950323,-0.565149628070223,-0.00274915785543112
1,AE01,22,eyelink,right,0.2,-9,0.995922990278858,9.5582147211327,10.8660298353531,0.879641862387918
1,AE01,22,eyelink,left,0.2,-9,0.995943673724164,9.06454419410842,10.8660298353531,0.834209396758374
1,AE01,22,adhawk,right,0.2,-9,0.992683903627991,8.46686370952803,10.8660298353531,0.779204901681819
1,AE01,22,adhawk,left,0.2,-9,0.797438422454002,6.53563094766808,10.8660298353531,0.601473679595846
1,AE01,23,eyelink,right,0.01,9,0.988896506541822,0.847997855229257,0.565149628070223,1.50048378891243
1,AE01,23,eyelink,left,0.01,9,0.994228916853393,0.875900099603336,0.565149628070223,1.54985521727089
1,AE01,23,adhawk,right,0.01,9,0.977451864512042,0.656772466405314,0.565149628070223,1.16212138128437
1,AE01,23,adhawk,left,0.01,9,0.982587938482223,0.746472322219347,0.565149628070223,1.32084015478923
1,AE01,24,eyelink,right,0.01,9,0.976789574623409,0.80518412757204,0.565149628070223,1.42472734224642
1,AE01,24,eyelink,left,0.01,9,0.892667304337148,0.732419639563666,0.565149628070223,1.29597473515927
1,AE01,24,adhawk,right,0.01,9,0.944833534915487,0.658391720550988,0.565149628070223,1.16498655904482
1,AE01,24,adhawk,left,0.01,9,-0.815577952006671,-0.00448270150168893,0.565149628070223,-0.00793188437015468
1,AE01,25,eyelink,right,0.1,-9,0.998877798364477,-4.42419173416167,-4.98897176530716,0.886794301969612
1,AE01,25,eyelink,left,0.1,-9,0.998548989814859,-4.26394038287559,-4.98897176530716,0.85467318386659
1,AE01,25,adhawk,right,0.1,-9,0.998678067393895,-4.03822940175436,-4.98897176530716,0.80943119979869
1,AE01,25,adhawk,left,0.1,-9,0.980440161236697,-2.18349394999907,-4.98897176530716,0.437664122531797
1,AE01,26,eyelink,right,0.01,-9,0.936230663222544,-0.992880165145786,-0.565149628070223,1.75684476434339
1,AE01,26,eyelink,left,0.01,-9,0.988327239049097,-0.444817186859559,-0.565149628070223,0.787078615584417
1,AE01,26,adhawk,right,0.01,-9,0.891199663043231,-0.731767398020637,-0.565149628070223,1.29482063098821
1,AE01,26,adhawk,left,0.01,-9,0.550168848286599,-0.0435620679524371,-0.565149628070223,0.0770805920923729
1,AE01,27,eyelink,right,0.2,-9,0.994039350659033,9.85454163687517,10.8660298353531,0.906912808651875
1,AE01,27,eyelink,left,0.2,-9,0.995330302783965,9.7192198210957,10.8660298353531,0.894459150983902
1,AE01,27,adhawk,right,0.2,-9,0.996982204291467,8.6718796971105,10.8660298353531,0.798072509325913
1,AE01,27,adhawk,left,0.2,-9,0.848943608366585,7.85730011096447,10.8660298353531,0.72310680441907
1,AE01,28,eyelink,right,0.1,-9,0.998496168270274,-4.95541035748881,-4.98897176530716,0.993272880786432
1,AE01,28,eyelink,left,0.1,-9,0.997727710741106,-4.25863731688838,-4.98897176530716,0.853610226159736
1,AE01,28,adhawk,right,0.1,-9,0.995904851169598,-4.12602440686643,-4.98897176530716,0.827029015389186
1,AE01,28,adhawk,left,0.1,-9,0.988979432088774,-2.99877561662828,-4.98897176530716,0.601080895562786
1,AE01,29,eyelink,right,0.1,-9,0.998321808868207,-4.77717658053222,-4.98897176530716,0.95754732743774
1,AE01,29,eyelink,left,0.1,-9,0.997906137853503,-4.72927361741105,-4.98897176530716,0.947945556697267
1,AE01,29,adhawk,right,0.1,-9,0.998107016630218,-4.21176798106934,-4.98897176530716,0.844215637850986
1,AE01,29,adhawk,left,0.1,-9,0.991281640230931,-2.89839950019488,-4.98897176530716,0.580961295541915
1,AE01,30,eyelink,right,0.2,9,0.989108811121532,-5.18457795713865,-10.8660298353531,0.477136363114925
1,AE01,30,eyelink,left,0.2,9,0.981355537002657,-5.64114916102935,-10.8660298353531,0.519154580514367
1,AE01,30,adhawk,right,0.2,9,0.984600298967514,-4.86484693445029,-10.8660298353531,0.447711538451909
1,AE01,30,adhawk,left,0.2,9,0.285229443582636,-4.99623838725265,-10.8660298353531,0.45980348507761
2,AE02,1,eyelink,right,0.2,-9,0.997205382224738,10.819113846342,10.8660298353531,0.995682324664845
2,AE02,1,eyelink,left,0.2,-9,0.992977328330278,11.0033531512663,10.8660298353531,1.01263785559159
2,AE02,1,adhawk,right,0.2,-9,0.971726598741579,10.045655955654,10.8660298353531,0.924501046644466
2,AE02,1,adhawk,left,0.2,-9,0.989056378538062,8.3998080333326,10.8660298353531,0.773033772280235
2,AE02,2,eyelink,right,0.1,-9,0.998992303622321,-4.44137441643602,-4.98897176530716,0.890238434965881
2,AE02,2,eyelink,left,0.1,-9,0.999179391465109,-4.5508020743785,-4.98897176530716,0.912172345015931
2,AE02,2,adhawk,right,0.1,-9,0.9988782599806,-4.07843664802257,-4.98897176530716,0.81749042485741
2,AE02,2,adhawk,left,0.1,-9,0.993362426310842,-3.26117859486993,-4.98897176530716,0.65367750075233
2,AE02,3,eyelink,right,0.1,-9,0.999487739385231,-4.93768227724224,-4.98897176530716,0.989719427072812
2,AE02,3,eyelink,left,0.1,-9,0.999274444898085,-4.8152026579699,-4.98897176530716,0.96516935442577
2,AE02,3,adhawk,right,0.1,-9,0.999451054526583,-4.21882285869151,-4.98897176530716,0.845629732368664
2,AE02,3,adhawk,left,0.1,-9,0.999212358083632,-4.11461122769117,-4.98897176530716,0.8247413337361
2,AE02,4,eyelink,right,0.2,9,0.994813621793624,-10.6762337322866,-10.8660298353531,0.98253307731136
2,AE02,4,eyelink,left,0.2,9,0.998421714305419,-10.8942098714456,-10.8660298353531,1.00259340683943
2,AE02,4,adhawk,right,0.2,9,0.992661143403772,-9.31393175251054,-10.8660298353531,0.857160517101402
2,AE02,4,adhawk,left,0.2,9,0.995942797950051,-6.76199569993147,-10.8660298353531,0.622306012627631
2,AE02,5,eyelink,right,0.01,9,0.969611618654004,0.472637346943715,0.565149628070223,0.836304800478408
2,AE02,5,eyelink,left,0.01,9,0.577739151854393,0.733059372944937,0.565149628070223,1.29710670685224
2,AE02,5,adhawk,right,0.01,9,0.914721272364033,0.861755712592239,0.565149628070223,1.52482753201982
2,AE02,5,adhawk,left,0.01,9,0.923394826899777,0.106280468777792,0.565149628070223,0.188057221484336
2,AE02,6,eyelink,right,0.1,9,0.991109633811773,5.32747904515097,4.98897176530716,1.06785111156527
2,AE02,6,eyelink,left,0.1,9,0.972612477488116,5.47482333154473,4.98897176530716,1.09738511041817
2,AE02,6,adhawk,right,0.1,9,0.985175965444255,4.8080972059498,4.98897176530716,0.963745122669334
2,AE02,6,adhawk,left,0.1,9,0.971121385602546,2.48679166116103,4.98897176530716,0.498457754051435
2,AE02,7,eyelink,right,0.01,-9,0.759043703706484,-0.757901386069994,-0.565149628070223,1.34106323073758
2,AE02,7,eyelink,left,0.01,-9,0.819477212926844,-0.48336664149214,-0.565149628070223,0.855289674599378
2,AE02,7,adhawk,right,0.01,-9,0.578243516202616,0.0218246616308838,-0.565149628070223,-0.0386174926902225
2,AE02,7,adhawk,left,0.01,-9,0.896833613101301,-0.148120876189301,-0.565149628070223,0.262091433546686
2,AE02,8,eyelink,right,0.2,9,0.997079922904771,-11.0393103100072,-10.8660298353531,1.01594699050892
2,AE02,8,eyelink,left,0.2,9,0.998559206625847,-11.1095306946166,-10.8660298353531,1.02240936781448
2,AE02,8,adhawk,right,0.2,9,0.998571219756857,-9.08900243846448,-10.8660298353531,0.836460287352884
2,AE02,8,adhawk,left,0.2,9,0.979888707333862,-6.70052597495162,-10.8660298353531,0.616648957943328
2,AE02,9,eyelink,right,0.1,9,0.99781469313552,4.81068910057591,4.98897176530716,0.964264647482871
2,AE02,9,eyelink,left,0.1,9,0.99896713750079,4.90128205638165,4.98897176530716,0.982423290198735
2,AE02,9,adhawk,right,0.1,9,0.991799291173753,3.8969198327884,4.98897176530716,0.781106812407161
2,AE02,9,adhawk,left,0.1,9,0.995774467343899,2.82904274379326,4.98897176530716,0.567059281326495
2,AE02,10,eyelink,right,0.01,9,0.693913046179357,0.498054050697381,0.565149628070223,0.88127820661946
2,AE02,10,eyelink,left,0.01,9,0.553476069738024,1.06736090077098,0.565149628070223,1.8886341736004
2,AE02,10,adhawk,right,0.01,9,0.876239728064118,0.205692201512541,0.565149628070223,0.363960606706766
2,AE02,10,adhawk,left,0.01,9,0.899135039962093,0.416045037174513,0.565149628070223,0.736167939444909
2,AE02,11,eyelink,right,0.01,-9,0.563839066083268,-0.612884671759297,-0.565149628070223,1.08446443440487
2,AE02,11,eyelink,left,0.01,-9,0.986832069210365,-0.0269112474294368,-0.565149628070223,0.0476179158452758
2,AE02,11,adhawk,right,0.01,-9,0.841072216673693,-0.252683115983356,-0.565149628070223,0.447108346945525
2,AE02,11,adhawk,left,0.01,-9,0.856188756789488,0.0866323827723592,-0.565149628070223,-0.153291055093103
2,AE02,12,eyelink,right,0.2,9,0.980274177544502,-10.7468939633839,-10.8660298353531,0.989035933659816
2,AE02,12,eyelink,left,0.2,9,0.974832950094524,-11.1492478976537,-10.8660298353531,1.02606453935725
2,AE02,12,adhawk,right,0.2,9,0.979810941737929,-9.37693322563191,-10.8660298353531,0.862958538464861
2,AE02,12,adhawk,left,0.2,9,0.972511927866905,-7.17105242904699,-10.8660298353531,0.659951476087029
2,AE02,13,eyelink,right,0.01,9,0.801854904731949,0.242528852689834,0.565149628070223,0.429140957799053
2,AE02,13,eyelink,left,0.01,9,-0.684793015820564,0.241971346009471,0.565149628070223,0.428154481558652
2,AE02,13,adhawk,right,0.01,9,-0.229917914738594,0.866000441909317,0.565149628070223,1.53233833819618
2,AE02,13,adhawk,left,0.01,9,0.947069881381214,3.85318731302017,0.565149628070223,6.81799495503055
2,AE02,14,eyelink,right,0.2,-9,0.992089965266964,11.8832841632169,10.8660298353531,1.09361784785038
2,AE02,14,eyelink,left,0.2,-9,0.995212759849177,12.0075879833379,10.8660298353531,1.1050575201138
2,AE02,14,adhawk,right,0.2,-9,0.979524147978797,10.4538959217027,10.8660298353531,0.962071343453383
2,AE02,14,adhawk,left,0.2,-9,0.986429070967091,7.75485844161666,10.8660298353531,0.713679104431122
2,AE02,15,eyelink,right,0.1,9,0.998872883006409,4.77464833226754,4.98897176530716,0.957040560034835
2,AE02,15,eyelink,left,0.1,9,0.99930884770691,4.78194250876581,4.98897176530716,0.958502620122845
2,AE02,15,adhawk,right,0.1,9,0.997140087699696,4.07230031318426,4.98897176530716,0.816260444988415
2,AE02,15,adhawk,left,0.1,9,0.988726293415243,2.43643253466173,4.98897176530716,0.488363664754418
2,AE02,16,eyelink,right,0.2,9,0.890426734641197,-14.1348506327721,-10.8660298353531,1.30082935966029
2,AE02,16,eyelink,left,0.2,9,0.989430853318174,-14.0905577154134,-10.8660298353531,1.29675308543412
2,AE02,16,adhawk,right,0.2,9,0.950718249101747,-11.9984656321933,-10.8660298353531,1.10421799074725
2,AE02,16,adhawk,left,0.2,9,0.910175678346259,-9.84398491858288,-10.8660298353531,0.905941274572524
2,AE02,17,eyelink,right,0.1,9,0.999029568648447,4.76185413977646,4.98897176530716,0.954476065166362
2,AE02,17,eyelink,left,0.1,9,0.999343668949738,4.96269775454576,4.98897176530716,0.994733581988958
2,AE02,17,adhawk,right,0.1,9,0.999050717594481,4.41032327362133,4.98897176530716,0.884014478552536
2,AE02,17,adhawk,left,0.1,9,0.996943256275335,3.67804908054868,4.98897176530716,0.737235898211628
2,AE02,18,eyelink,right,0.1,9,0.998734030235448,4.88157081884053,4.98897176530716,0.978472328263413
2,AE02,18,eyelink,left,0.1,9,0.999295883735062,4.75446354530747,4.98897176530716,0.952994678857387
2,AE02,18,adhawk,right,0.1,9,0.999300120267786,3.37899556816893,4.98897176530716,0.677292982827874
2,AE02,18,adhawk,left,0.1,9,0.996860996553045,4.26090811298945,4.98897176530716,0.854065389309157
2,AE02,19,eyelink,right,0.2,-9,0.897951352877313,10.364564922218,10.8660298353531,0.95385021753727
2,AE02,19,eyelink,left,0.2,-9,0.996178035503209,10.779489005483,10.8660298353531,0.992035653207156
2,AE02,19,adhawk,right,0.2,-9,0.780017475585529,9.10701972057354,10.8660298353531,0.838118416621997
2,AE02,19,adhawk,left,0.2,-9,0.992664457872169,7.1622345515213,10.8660298353531,0.659139967407291
2,AE02,20,eyelink,right,0.01,-9,0.34732694812326,-0.87865946579444,-0.565149628070223,1.55473775820173
2,AE02,20,eyelink,left,0.01,-9,0.840476765681025,-0.538135181988845,-0.565149628070223,0.952199480032177
2,AE02,20,adhawk,right,0.01,-9,0.240666083214928,-0.540598245140099,-0.565149628070223,0.956557729651246
2,AE02,20,adhawk,left,0.01,-9,0.722985063017237,-0.688854706881445,-0.565149628070223,1.2188890740911
2,AE02,21,eyelink,right,0.01,-9,0.398770102378777,-0.342636015837718,-0.565149628070223,0.606274867432353
2,AE02,21,eyelink,left,0.01,-9,0.758453782693274,-1.23724887528505,-0.565149628070223,2.18924124485368
2,AE02,21,adhawk,right,0.01,-9,0.397864618681174,0.277116757250393,-0.565149628070223,-0.490342280143834
2,AE02,21,adhawk,left,0.01,-9,0.857878949072299,-0.428575741930555,-0.565149628070223,0.758340306077849
2,AE02,22,eyelink,right,0.2,-9,0.914527284954598,9.51260205984779,10.8660298353531,0.87544413221636
2,AE02,22,eyelink,left,0.2,-9,0.994643134605846,10.2299097016679,10.8660298353531,0.941457906583729
2,AE02,22,adhawk,right,0.2,-9,0.996605460251597,8.71876491724795,10.8660298353531,0.802387353003675
2,AE02,22,adhawk,left,0.2,-9,0.987966480340371,6.85958409703735,10.8660298353531,0.631287066295307
2,AE02,23,eyelink,right,0.01,9,0.329069575096903,0.209156905048095,0.565149628070223,0.370091201797812
2,AE02,23,eyelink,left,0.01,9,0.694056276865526,0.610132693347491,0.565149628070223,1.07959496572769
2,AE02,23,adhawk,right,0.01,9,0.837089669050582,0.477920338142801,0.565149628070223,0.84565275177606
2,AE02,23,adhawk,left,0.01,9,0.891938809002338,0.258413892634238,0.565149628070223,0.457248629034094
2,AE02,24,eyelink,right,0.01,9,0.412173098900359,2.56694741899095,0.565149628070223,4.54206689962113
2,AE02,24,eyelink,left,0.01,9,0.79774457259616,4.17248297006567,0.565149628070223,7.3829703901835
2,AE02,24,adhawk,right,0.01,9,0.833154905068645,3.58684374652751,0.565149628070223,6.34671522084383
2,AE02,24,adhawk,left,0.01,9,0.676633973389551,2.60147111551345,0.565149628070223,4.60315460950848
2,AE02,25,eyelink,right,0.1,-9,0.91519226319729,-1.08398457503015,-4.98897176530716,0.217276149479954
2,AE02,25,eyelink,left,0.1,-9,0.994576839685681,-5.09104867073635,-4.98897176530716,1.02046050974652
2,AE02,25,adhawk,right,0.1,-9,0.996834637187884,-4.4448719017178,-4.98897176530716,0.89093947827627
2,AE02,25,adhawk,left,0.1,-9,0.993503594127897,-3.76030252630207,-4.98897176530716,0.753722951981981
2,AE02,26,eyelink,right,0.01,-9,0.704973952899813,-6.15206566997025,-0.565149628070223,10.8857289546085
2,AE02,26,eyelink,left,0.01,-9,0.992296361553446,-0.661001712108036,-0.565149628070223,1.16960479008915
2,AE02,26,adhawk,right,0.01,-9,0.936954932282309,-1.60085817827042,-0.565149628070223,2.83262714643689
2,AE02,26,adhawk,left,0.01,-9,0.961053965502398,-0.703859465843012,-0.565149628070223,1.24543913838612
2,AE02,27,eyelink,right,0.2,-9,0.840076422863277,-3.55621629685627,10.8660298353531,-0.327278348278224
2,AE02,27,eyelink,left,0.2,-9,0.959389983059767,7.61456603955055,10.8660298353531,0.700768004039177
2,AE02,27,adhawk,right,0.2,-9,0.893443174328823,7.06719854393385,10.8660298353531,0.650393809976519
2,AE02,27,adhawk,left,0.2,-9,0.882688261980478,5.62290170931354,10.8660298353531,0.517475268751717
2,AE02,28,eyelink,right,0.1,-9,0.801393024037657,NaN,-4.98897176530716,NaN
2,AE02,28,eyelink,left,0.1,-9,0.993963034509141,-5.64785877270882,-4.98897176530716,1.13206869840064
2,AE02,28,adhawk,right,0.1,-9,0.972206027403239,-4.64543334210387,-4.98897176530716,0.931140435471648
2,AE02,28,adhawk,left,0.1,-9,0.98131213297936,-4.1056862074237,-4.98897176530716,0.822952383890856
2,AE02,29,eyelink,right,0.1,-9,0.358477454542778,-4.37854354071047,-4.98897176530716,0.877644482006983
2,AE02,29,eyelink,left,0.1,-9,0.974972855626805,-4.98079050567721,-4.98897176530716,0.998360131102197
2,AE02,29,adhawk,right,0.1,-9,0.861397726716669,-3.01307950398672,-4.98897176530716,0.603947996847646
2,AE02,29,adhawk,left,0.1,-9,0.995046152660414,-3.2871527534828,-4.98897176530716,0.658883815767679
2,AE02,30,eyelink,right,0.2,9,-0.0174003399230135,0.597559271557899,-10.8660298353531,-0.0549933398501919
2,AE02,30,eyelink,left,0.2,9,0.932784745523474,-11.3251989070692,-10.8660298353531,1.0422572990019
2,AE02,30,adhawk,right,0.2,9,0.966795115233602,-9.38126312747148,-10.8660298353531,0.863357019041961
2,AE02,30,adhawk,left,0.2,9,0.904910540884218,-8.45680705862421,-10.8660298353531,0.778279388770828
3,AE03,1,eyelink,right,0.2,-9,0.99542835649589,10.4537756427156,10.8660298353531,0.962060274186236
3,AE03,1,eyelink,left,0.2,-9,0.989787547064631,9.154102565342,10.8660298353531,0.842451447681352
3,AE03,1,adhawk,right,0.2,-9,0.994137369183721,10.978411196228,10.8660298353531,1.01034244913531
3,AE03,1,adhawk,left,0.2,-9,0.995243553305083,10.0876603245542,10.8660298353531,0.928366705908864
3,AE03,2,eyelink,right,0.1,-9,0.999569977833589,-4.68426889056753,-4.98897176530716,0.938924714535668
3,AE03,2,eyelink,left,0.1,-9,0.999125658610212,-4.27409287479919,-4.98897176530716,0.856708170713819
3,AE03,2,adhawk,right,0.1,-9,0.98989450068327,-4.64088662304578,-4.98897176530716,0.93022908153501
3,AE03,2,adhawk,left,0.1,-9,0.998657863925812,-5.07347311361401,-4.98897176530716,1.01693762808891
3,AE03,3,eyelink,right,0.1,-9,0.998212728087247,-4.96340432552543,-4.98897176530716,0.994875208563111
3,AE03,3,eyelink,left,0.1,-9,0.99824248952777,-4.77516972577916,-4.98897176530716,0.957145069247584
3,AE03,3,adhawk,right,0.1,-9,0.996421163973376,-5.19572295242093,-4.98897176530716,1.04144164305589
3,AE03,3,adhawk,left,0.1,-9,0.998407545365253,-5.65422730089607,-4.98897176530716,1.13334521959315
3,AE03,4,eyelink,right,0.2,9,0.995675203555123,-11.1611966036734,-10.8660298353531,1.02716417797418
3,AE03,4,eyelink,left,0.2,9,0.996601631250896,-10.0255513533579,-10.8660298353531,0.922650821437955
3,AE03,4,adhawk,right,0.2,9,0.96542798913657,-11.7098431173176,-10.8660298353531,1.07765607998048
3,AE03,4,adhawk,left,0.2,9,0.982403384758717,-11.3872749805342,-10.8660298353531,1.04797015589679
3,AE03,5,eyelink,right,0.01,9,0.973550361414667,0.974330166866632,0.565149628070223,1.72402160148916
3,AE03,5,eyelink,left,0.01,9,0.991011206137726,0.656337565881891,0.565149628070223,1.16135184963855
3,AE03,5,adhawk,right,0.01,9,0.919237429125432,0.535616127540136,0.565149628070223,0.947742157009051
3,AE03,5,adhawk,left,0.01,9,0.989480363774105,0.237353126440444,0.565149628070223,0.419982805705662
3,AE03,6,eyelink,right,0.1,9,0.995621944574836,4.93377552857845,4.98897176530716,0.988936350148834
3,AE03,6,eyelink,left,0.1,9,0.994165368161158,4.09349931306546,4.98897176530716,0.820509617138199
3,AE03,6,adhawk,right,0.1,9,0.997206006279291,4.66507550128461,4.98897176530716,0.93507755119504
3,AE03,6,adhawk,left,0.1,9,0.991116426921601,5.06558255322637,4.98897176530716,1.01535602755902
3,AE03,7,eyelink,right,0.01,-9,0.993664559267134,-0.888655720347742,-0.565149628070223,1.5724255599038
3,AE03,7,eyelink,left,0.01,-9,0.99509485325998,-0.142610000767421,-0.565149628070223,0.252340254127709
3,AE03,7,adhawk,right,0.01,-9,0.966647880245482,-0.622048289252629,-0.565149628070223,1.10067893236822
3,AE03,7,adhawk,left,0.01,-9,0.99511202094365,-0.1700794427027,-0.565149628070223,0.300945863281303
3,AE03,8,eyelink,right,0.2,9,0.964424521109977,-8.93222904012257,-10.8660298353531,0.822032441974452
3,AE03,8,eyelink,left,0.2,9,0.991292435300974,-8.95519604540791,-10.8660298353531,0.824146093936884
3,AE03,8,adhawk,right,0.2,9,0.952412315996566,-10.6031585357106,-10.8660298353531,0.975807971851206
3,AE03,8,adhawk,left,0.2,9,0.965146496724637,-10.0195102900644,-10.8660298353531,0.922094862786542
3,AE03,9,eyelink,right,0.1,9,0.591513018943564,4.84365956666438,4.98897176530716,0.970873317092458
3,AE03,9,eyelink,left,0.1,9,0.610461045141367,4.52893361565136,4.98897176530716,0.90778898512618
3,AE03,9,adhawk,right,0.1,9,0.476722091194468,4.51486184086265,4.98897176530716,0.904968408973282
3,AE03,9,adhawk,left,0.1,9,0.329114731686165,4.92928421100904,4.98897176530716,0.988036101003181
3,AE03,10,eyelink,right,0.01,9,0.939387846684695,1.06867211895879,0.565149628070223,1.89095429932053
3,AE03,10,eyelink,left,0.01,9,0.994392465458224,1.11946506879614,0.565149628070223,1.98082952406552
3,AE03,10,adhawk,right,0.01,9,0.854114754343529,1.47915378105439,0.565149628070223,2.61727816420079
3,AE03,10,adhawk,left,0.01,9,0.983551045368502,1.28582041302834,0.565149628070223,2.27518580772838
3,AE03,11,eyelink,right,0.01,-9,0.888535735131419,-0.392206254867702,-0.565149628070223,0.693986575213614
3,AE03,11,eyelink,left,0.01,-9,0.937895226069058,-0.182892092814567,-0.565149628070223,0.323617116123877
3,AE03,11,adhawk,right,0.01,-9,-0.908940840108787,0.0442203269276224,-0.565149628070223,-0.0782453437660722
3,AE03,11,adhawk,left,0.01,-9,0.989248089219301,-0.144443350135573,-0.565149628070223,0.255584261160701
3,AE03,12,eyelink,right,0.2,9,0.88658795838599,0.445168146752543,-10.8660298353531,-0.0409687948126341
3,AE03,12,eyelink,left,0.2,9,0.892222833631363,0.469125054163158,-10.8660298353531,-0.0431735474015392
3,AE03,12,adhawk,right,0.2,9,0.755940810752381,-1.79939244037845,-10.8660298353531,0.165597966105711
3,AE03,12,adhawk,left,0.2,9,0.874554698103988,-1.32152383551101,-10.8660298353531,0.121619750316842
3,AE03,13,eyelink,right,0.01,9,0.998385259315106,0.285666824645325,0.565149628070223,0.50547113623833
3,AE03,13,eyelink,left,0.01,9,0.99770440562647,0.221135059610387,0.565149628070223,0.391285862410423
3,AE03,13,adhawk,right,0.01,9,0.996488777639389,0.426769899092771,0.565149628070223,0.755144970279874
3,AE03,13,adhawk,left,0.01,9,0.993906843952818,-0.0524116788832324,0.565149628070223,-0.0927394733713245
3,AE03,14,eyelink,right,0.2,-9,0.992148939615667,9.30921008731899,10.8660298353531,0.856725982569186
3,AE03,14,eyelink,left,0.2,-9,0.991519820437148,8.37913441254267,10.8660298353531,0.771131180339738
3,AE03,14,adhawk,right,0.2,-9,0.990231629307112,9.94558280560696,10.8660298353531,0.915291321329576
3,AE03,14,adhawk,left,0.2,-9,0.991893978415599,10.4802305375277,10.8660298353531,0.964494916388852
3,AE03,15,eyelink,right,0.1,9,0.999269876271626,4.40545538989518,4.98897176530716,0.883038749693936
3,AE03,15,eyelink,left,0.1,9,0.999087618945555,4.4260863277803,4.98897176530716,0.88717405830173
3,AE03,15,adhawk,right,0.1,9,0.998663107767878,4.56285399880399,4.98897176530716,0.914588058111222
3,AE03,15,adhawk,left,0.1,9,0.998333482498636,4.68986874000241,4.98897176530716,0.940047160141357
3,AE03,16,eyelink,right,0.2,9,0.996094073455779,-10.8855462201472,-10.8660298353531,1.00179609158909
3,AE03,16,eyelink,left,0.2,9,0.996921246520533,-10.2216764430223,-10.8660298353531,0.940700200340481
3,AE03,16,adhawk,right,0.2,9,0.977198627845199,-12.2081050874234,-10.8660298353531,1.12351109581015
3,AE03,16,adhawk,left,0.2,9,0.997163794672346,-11.1614360152402,-10.8660298353531,1.02718621100468
3,AE03,17,eyelink,right,0.1,9,0.999284613402776,4.57622457186662,4.98897176530716,0.917268083914457
3,AE03,17,eyelink,left,0.1,9,0.999440862522653,4.08992869893639,4.98897176530716,0.819793915727761
3,AE03,17,adhawk,right,0.1,9,0.999176289139719,5.02255627085106,4.98897176530716,1.00673174897029
3,AE03,17,adhawk,left,0.1,9,0.996654291384336,4.40359651592605,4.98897176530716,0.882666153083537
3,AE03,18,eyelink,right,0.1,9,0.999488520413298,4.89679319814306,4.98897176530716,0.981523534006526
3,AE03,18,eyelink,left,0.1,9,0.999375680610122,4.39985539336261,4.98897176530716,0.881916274603676
3,AE03,18,adhawk,right,0.1,9,0.998976460468191,5.23413243949172,4.98897176530716,1.04914052147767
3,AE03,18,adhawk,left,0.1,9,0.999083513439998,5.15149920444054,4.98897176530716,1.03257734194119
3,AE03,19,eyelink,right,0.2,-9,0.987183444306739,10.3114688821044,10.8660298353531,0.948963792511927
3,AE03,19,eyelink,left,0.2,-9,0.98760877465162,9.80537476027463,10.8660298353531,0.902387984282208
3,AE03,19,adhawk,right,0.2,-9,0.98094067039107,10.3749914289225,10.8660298353531,0.954809768252887
3,AE03,19,adhawk,left,0.2,-9,0.975067248819411,11.1048008423376,10.8660298353531,1.02197407982515
3,AE03,20,eyelink,right,0.01,-9,0.994477406561978,-0.63645702000487,-0.565149628070223,1.12617435877669
3,AE03,20,eyelink,left,0.01,-9,0.993575042161063,-0.854945926116402,-0.565149628070223,1.5127780036514
3,AE03,20,adhawk,right,0.01,-9,0.982966416108243,-0.943303847419131,-0.565149628070223,1.66912230065543
3,AE03,20,adhawk,left,0.01,-9,0.992043239245763,-0.762592462967354,-0.565149628070223,1.34936382347331
3,AE03,21,eyelink,right,0.01,-9,0.996922200348756,-0.555317437730574,-0.565149628070223,0.982602500556848
3,AE03,21,eyelink,left,0.01,-9,0.997155651203172,-0.154914117123357,-0.565149628070223,0.274111685523587
3,AE03,21,adhawk,right,0.01,-9,0.994372563960449,-0.413103811180139,-0.565149628070223,0.730963607975354
3,AE03,21,adhawk,left,0.01,-9,0.990831043189305,-0.280833294454958,-0.565149628070223,0.496918480533908
3,AE03,22,eyelink,right,0.2,-9,0.932776097686175,10.2810549038432,10.8660298353531,0.946164796123909
3,AE03,22,eyelink,left,0.2,-9,0.937450458481415,9.78018555087858,10.8660298353531,0.900069823023889
3,AE03,22,adhawk,right,0.2,-9,0.925731885643104,10.4688131943354,10.8660298353531,0.96344417905744
3,AE03,22,adhawk,left,0.2,-9,0.940764149582023,10.718278843177,10.8660298353531,0.986402486058391
3,AE03,23,eyelink,right,0.01,9,0.9966814591163,0.42089843711368,0.565149628070223,0.744755753535382
3,AE03,23,eyelink,left,0.01,9,0.995778375866005,0.892224826491844,0.565149628070223,1.57874088944986
3,AE03,23,adhawk,right,0.01,9,0.989678268992937,0.0577473260414712,0.565149628070223,0.102180596382337
3,AE03,23,adhawk,left,0.01,9,0.993890796940483,0.63956455245312,0.565149628070223,1.13167296002122
3,AE03,24,eyelink,right,0.01,9,0.997270496169582,0.749571389824028,0.565149628070223,1.32632377797635
3,AE03,24,eyelink,left,0.01,9,0.996560409772779,0.847871955583927,0.565149628070223,1.50026101667818
3,AE03,24,adhawk,right,0.01,9,0.996644133967882,0.708610278829268,0.565149628070223,1.25384543072055
3,AE03,24,adhawk,left,0.01,9,0.992250071632988,0.630840006566092,0.565149628070223,1.1162353741967
3,AE03,25,eyelink,right,0.1,-9,0.981534757340824,-5.13371084566316,-4.98897176530716,1.029011805872
3,AE03,25,eyelink,left,0.1,-9,0.981337565048466,-4.98022183342132,-4.98897176530716,0.998246145238447
3,AE03,25,adhawk,right,0.1,-9,0.968607920618758,-5.59802408260918,-4.98897176530716,1.12207972823926
3,AE03,25,adhawk,left,0.1,-9,0.975167318175751,-5.48417015169168,-4.98897176530716,1.09925860671894
3,AE03,26,eyelink,right,0.01,-9,0.986908611881958,-0.167265386579119,-0.565149628070223,0.295966551637428
3,AE03,26,eyelink,left,0.01,-9,0.993019121551995,-0.251936020015909,-0.565149628070223,0.445786403286112
3,AE03,26,adhawk,right,0.01,-9,0.927687329847211,0.646759408279185,-0.565149628070223,-1.14440384661957
3,AE03,26,adhawk,left,0.01,-9,0.975435696630026,-1.10391436769049,-0.565149628070223,1.95331344631677
3,AE03,27,eyelink,right,0.2,-9,0.996915329545235,10.2455247957328,10.8660298353531,0.942894962647583
3,AE03,27,eyelink,left,0.2,-9,0.997277962115803,9.57558003258324,10.8660298353531,0.881239990840874
3,AE03,27,adhawk,right,0.2,-9,0.992831644021692,10.7929211608013,10.8660298353531,0.993271813563965
3,AE03,27,adhawk,left,0.2,-9,0.993482556306752,11.0362295623883,10.8660298353531,1.01566346951132
3,AE03,28,eyelink,right,0.1,-9,0.999133891835488,-5.09035356306643,-4.98897176530716,1.0203211809023
3,AE03,28,eyelink,left,0.1,-9,0.998479693212197,-4.55802294731165,-4.98897176530716,0.91361971198308
3,AE03,28,adhawk,right,0.1,-9,0.994118276750432,-5.7308096321674,-4.98897176530716,1.14869554324178
3,AE03,28,adhawk,left,0.1,-9,0.985462336993331,-5.07948632271793,-4.98897176530716,1.01814292837659
3,AE03,29,eyelink,right,0.1,-9,0.934901245029722,-5.80821029508624,-4.98897176530716,1.16420989500802
3,AE03,29,eyelink,left,0.1,-9,0.932147708760645,-5.36670853178532,-4.98897176530716,1.07571435242526
3,AE03,29,adhawk,right,0.1,-9,0.931818363502133,-6.1754171614401,-4.98897176530716,1.23781361209205
3,AE03,29,adhawk,left,0.1,-9,0.900264066556736,-5.73198589682552,-4.98897176530716,1.14893131620532
3,AE03,30,eyelink,right,0.2,9,0.995679287759166,-10.5198291080569,-10.8660298353531,0.968139170189847
3,AE03,30,eyelink,left,0.2,9,0.995033137346103,-9.44124613146798,-10.8660298353531,0.868877250893465
3,AE03,30,adhawk,right,0.2,9,0.995812382860763,-11.4099612062843,-10.8660298353531,1.05005796773735
3,AE03,30,adhawk,left,0.2,9,0.989842549330148,-10.7454766503579,-10.8660298353531,0.988905498436696
4,AE04,1,eyelink,right,0.2,-9,0.988561517179047,9.88249788586998,10.8660298353531,0.909485620379655
4,AE04,1,eyelink,left,0.2,-9,0.959929363471451,9.77429458744814,10.8660298353531,0.899527678052846
4,AE04,1,adhawk,right,0.2,-9,0.993213255024346,9.31632431359712,10.8660298353531,0.8573807043384
4,AE04,1,adhawk,left,0.2,-9,0.991222920540496,10.1163192762007,10.8660298353531,0.931004187314746
4,AE04,2,eyelink,right,0.1,-9,0.999757098057474,-4.53945979431566,-4.98897176530716,0.909898874530146
4,AE04,2,eyelink,left,0.1,-9,0.99977270953899,-4.75566626601016,-4.98897176530716,0.953235754726178
4,AE04,2,adhawk,right,0.1,-9,0.993590511727955,-4.08260649889326,-4.98897176530716,0.818326238541441
4,AE04,2,adhawk,left,0.1,-9,0.999714909218675,-4.7760746815691,-4.98897176530716,0.957326460490612
4,AE04,3,eyelink,right,0.1,-9,0.99926367064552,-5.19255831702654,-4.98897176530716,1.04080731687742
4,AE04,3,eyelink,left,0.1,-9,0.998915647407977,-4.83586339757648,-4.98897176530716,0.969310636553332
4,AE04,3,adhawk,right,0.1,-9,0.996722071355639,-5.26525455797351,-4.98897176530716,1.0553787044031
4,AE04,3,adhawk,left,0.1,-9,0.996958765458824,-5.02116820142077,-4.98897176530716,1.00645352141247
4,AE04,4,eyelink,right,0.2,9,0.998584294288531,-10.4450185821544,-10.8660298353531,0.96125436248767
4,AE04,4,eyelink,left,0.2,9,0.997651749674274,-10.0798177018845,-10.8660298353531,0.927644949868383
4,AE04,4,adhawk,right,0.2,9,0.967568800287406,-9.60307290860909,-10.8660298353531,0.88377015838527
4,AE04,4,adhawk,left,0.2,9,0.971526172592381,-10.3521993482585,-10.8660298353531,0.952712214591674
4,AE04,5,eyelink,right,0.01,9,0.99487440508242,0.0577620578450512,0.565149628070223,0.102206663467668
4,AE04,5,eyelink,left,0.01,9,0.992841467943096,0.545760978783896,0.565149628070223,0.965692892070845
4,AE04,5,adhawk,right,0.01,9,0.995129672562078,0.0907275761540045,0.565149628070223,0.160537265969378
4,AE04,5,adhawk,left,0.01,9,0.979212341169184,0.170392941896667,0.565149628070223,0.301500582205984
4,AE04,6,eyelink,right,0.1,9,0.999059123265232,5.18566930685127,4.98897176530716,1.03942646917987
4,AE04,6,eyelink,left,0.1,9,0.999616836888939,4.80257990444462,4.98897176530716,0.962639223144399
4,AE04,6,adhawk,right,0.1,9,0.998419385793603,4.94562742927437,4.98897176530716,0.991311970066817
4,AE04,6,adhawk,left,0.1,9,0.998368968191649,5.13605612268719,4.98897176530716,1.02948189813437
4,AE04,7,eyelink,right,0.01,-9,0.902797445534377,-0.949440510848484,-0.565149628070223,1.67998077622465
4,AE04,7,eyelink,left,0.01,-9,0.654705022653867,-0.399896201698083,-0.565149628070223,0.707593497077191
4,AE04,7,adhawk,right,0.01,-9,0.93893319252845,0.377744329021927,-0.565149628070223,-0.668397023124274
4,AE04,7,adhawk,left,0.01,-9,0.942977033532306,-0.955880737581272,-0.565149628070223,1.69137638972753
4,AE04,8,eyelink,right,0.2,9,0.998799805844623,-10.6193325303411,-10.8660298353531,0.977296463496778
4,AE04,8,eyelink,left,0.2,9,0.998525074930374,-9.85221382631035,-10.8660298353531,0.90669858040107
4,AE04,8,adhawk,right,0.2,9,0.980051872305281,-10.1047244902256,-10.8660298353531,0.929937119935874
4,AE04,8,adhawk,left,0.2,9,0.984970738207754,-9.948983954611,-10.8660298353531,0.915604328845254
4,AE04,9,eyelink,right,0.1,9,0.999694418993149,5.01189205328455,4.98897176530716,1.00459419075826
4,AE04,9,eyelink,left,0.1,9,0.99968088702021,4.47916010472289,4.98897176530716,0.89781227784662
4,AE04,9,adhawk,right,0.1,9,0.999342347567316,4.57806365824973,4.98897176530716,0.91763671425947
4,AE04,9,adhawk,left,0.1,9,0.997150273986661,4.77539659169708,4.98897176530716,0.957190542729615
4,AE04,10,eyelink,right,0.01,9,0.997626778460032,0.36759149025026,0.565149628070223,0.650432154587889
4,AE04,10,eyelink,left,0.01,9,0.996447251237689,0.734812270596573,0.565149628070223,1.3002083591662
4,AE04,10,adhawk,right,0.01,9,0.991699838297413,0.755163589376761,0.565149628070223,1.33621885580172
4,AE04,10,adhawk,left,0.01,9,0.99147701727006,0.333233858968584,0.565149628070223,0.589638287662782
4,AE04,11,eyelink,right,0.01,-9,0.999389465421149,-0.522606925065562,-0.565149628070223,0.924723115982702
4,AE04,11,eyelink,left,0.01,-9,0.999156235223764,-0.544391181687241,-0.565149628070223,0.963269114316037
4,AE04,11,adhawk,right,0.01,-9,0.988992055975191,-0.13877739211242,-0.565149628070223,0.245558671933118
4,AE04,11,adhawk,left,0.01,-9,0.991186089962283,-0.73045562919964,-0.565149628070223,1.29249953095409
4,AE04,12,eyelink,right,0.2,9,0.998384933175885,-10.6675840516301,-10.8660298353531,0.981737047778263
4,AE04,12,eyelink,left,0.2,9,0.997830831831883,-10.1992982316576,-10.8660298353531,0.938640735043233
4,AE04,12,adhawk,right,0.2,9,0.966573628568686,-10.0545241979741,-10.8660298353531,0.925317190392874
4,AE04,12,adhawk,left,0.2,9,0.973893166480546,-10.7591268193089,-10.8660298353531,0.990161722573557
4,AE04,13,eyelink,right,0.01,9,0.998664646015368,0.649357467553686,0.565149628070223,1.14900096417121
4,AE04,13,eyelink,left,0.01,9,0.995219076374491,0.480590985130063,0.565149628070223,0.850378309141073
4,AE04,13,adhawk,right,0.01,9,0.99512246760434,0.59884799574016,0.565149628070223,1.05962733760439
4,AE04,13,adhawk,left,0.01,9,0.976725127650304,0.168146253612216,0.565149628070223,0.297525195559933
4,AE04,14,eyelink,right,0.2,-9,0.998572664303066,10.3416134516232,10.8660298353531,0.951737995231372
4,AE04,14,eyelink,left,0.2,-9,0.998010910450327,10.0738000426,10.8660298353531,0.92709114508635
4,AE04,14,adhawk,right,0.2,-9,0.982103974786301,9.98382495019592,10.8660298353531,0.918810743341887
4,AE04,14,adhawk,left,0.2,-9,0.967953688901253,10.3269907219902,10.8660298353531,0.950392266399906
4,AE04,15,eyelink,right,0.1,9,0.999255788939786,4.43449334398354,4.98897176530716,0.888859178322193
4,AE04,15,eyelink,left,0.1,9,0.998798743252421,4.36945382433644,4.98897176530716,0.875822520127537
4,AE04,15,adhawk,right,0.1,9,0.998688746322183,4.10232414145397,4.98897176530716,0.822278484312367
4,AE04,15,adhawk,left,0.1,9,0.998548694216001,4.80977413333487,4.98897176530716,0.964081249523516
4,AE04,16,eyelink,right,0.2,9,0.998631915544524,-10.6546798764747,-10.8660298353531,0.980549477400586
4,AE04,16,eyelink,left,0.2,9,0.998234947073742,-10.2861462164255,-10.8660298353531,0.946633349280803
4,AE04,16,adhawk,right,0.2,9,0.955657753621993,-10.1005566519324,-10.8660298353531,0.929553554056126
4,AE04,16,adhawk,left,0.2,9,0.976359487133454,-10.7384058248747,-10.8660298353531,0.988254770839739
4,AE04,17,eyelink,right,0.1,9,0.999363846677959,4.79152923057278,4.98897176530716,0.960424202817227
4,AE04,17,eyelink,left,0.1,9,0.999389556849555,4.41080931136932,4.98897176530716,0.884111900981616
4,AE04,17,adhawk,right,0.1,9,0.998714771552443,4.57194979082554,4.98897176530716,0.916411237806245
4,AE04,17,adhawk,left,0.1,9,0.993272503179158,4.39591958301886,4.98897176530716,0.881127372495404
4,AE04,18,eyelink,right,0.1,9,0.999575316589126,4.74037247586467,4.98897176530716,0.950170235243416
4,AE04,18,eyelink,left,0.1,9,0.999596127142929,4.37943363497341,4.98897176530716,0.877822894374263
4,AE04,18,adhawk,right,0.1,9,0.991711856847971,3.93858105968026,4.98897176530716,0.789457476402008
4,AE04,18,adhawk,left,0.1,9,0.997113898776286,4.98307537555587,4.98897176530716,0.998818115229215
4,AE04,19,eyelink,right,0.2,-9,0.998744896825048,10.4039571535413,10.8660298353531,0.957475481954926
4,AE04,19,eyelink,left,0.2,-9,0.998423416269351,10.1338627293554,10.8660298353531,0.932618710136834
4,AE04,19,adhawk,right,0.2,-9,0.969672033613727,9.96734546441631,10.8660298353531,0.917294137366262
4,AE04,19,adhawk,left,0.2,-9,0.967801996315676,10.6592222328077,10.8660298353531,0.980967510150531
4,AE04,20,eyelink,right,0.01,-9,0.997712383829384,-0.639526522509081,-0.565149628070223,1.13160566820654
4,AE04,20,eyelink,left,0.01,-9,0.998216463635563,-0.535191015774262,-0.565149628070223,0.946989946010831
4,AE04,20,adhawk,right,0.01,-9,0.993237952995472,-0.338666591561213,-0.565149628070223,0.599251197806914
4,AE04,20,adhawk,left,0.01,-9,0.997285293137484,-0.620261276079331,-0.565149628070223,1.09751691458649
4,AE04,21,eyelink,right,0.01,-9,0.997700580111685,-0.598073795787415,-0.565149628070223,1.05825743499048
4,AE04,21,eyelink,left,0.01,-9,0.997599624766246,-0.587546704566072,-0.565149628070223,1.0396303481121
4,AE04,21,adhawk,right,0.01,-9,0.993390802371047,-0.531331587649782,-0.565149628070223,0.940160908296238
4,AE04,21,adhawk,left,0.01,-9,0.992309752518232,-0.352651194420758,-0.565149628070223,0.623996154124583
4,AE04,22,eyelink,right,0.2,-9,0.998670175740928,10.5988285360447,10.8660298353531,0.975409482271153
4,AE04,22,eyelink,left,0.2,-9,0.998068083535306,10.3638865053144,10.8660298353531,0.953787782874944
4,AE04,22,adhawk,right,0.2,-9,0.984768843603684,10.2745636069933,10.8660298353531,0.945567402508372
4,AE04,22,adhawk,left,0.2,-9,0.967674980980685,10.6058411230601,10.8660298353531,0.97605485018581
4,AE04,23,eyelink,right,0.01,9,0.997333269837942,0.522718460967694,0.565149628070223,0.924920472393451
4,AE04,23,eyelink,left,0.01,9,0.997327964072256,0.400025257627822,0.565149628070223,0.707821854176496
4,AE04,23,adhawk,right,0.01,9,0.995921499617365,0.616894811639474,0.565149628070223,1.09156014796638
4,AE04,23,adhawk,left,0.01,9,0.993475413695125,0.0607918928769327,0.565149628070223,0.107567783570016
4,AE04,24,eyelink,right,0.01,9,0.998814727736602,0.612607329730568,0.565149628070223,1.08397369351971
4,AE04,24,eyelink,left,0.01,9,0.996863381884169,0.72790962248555,0.565149628070223,1.28799451743619
4,AE04,24,adhawk,right,0.01,9,0.984023511217912,0.464362604980213,0.565149628070223,0.821663117015292
4,AE04,24,adhawk,left,0.01,9,0.995348132348833,0.747667593504716,0.565149628070223,1.32295511908541
4,AE04,25,eyelink,right,0.1,-9,0.999570463824116,-5.11106248917564,-4.98897176530716,1.02447212163386
4,AE04,25,eyelink,left,0.1,-9,0.999581749112343,-5.07974693124433,-4.98897176530716,1.01819516529807
4,AE04,25,adhawk,right,0.1,-9,0.999205848597239,-5.25698290551446,-4.98897176530716,1.0537207169764
4,AE04,25,adhawk,left,0.1,-9,0.999036951260576,-4.88466474930322,-4.98897176530716,0.979092482196575
4,AE04,26,eyelink,right,0.01,-9,0.997739851066145,-0.78950812649719,-0.565149628070223,1.39698955335611
4,AE04,26,eyelink,left,0.01,-9,0.997055044693885,-0.86246066153786,-0.565149628070223,1.52607489893047
4,AE04,26,adhawk,right,0.01,-9,0.992444843275796,-0.798267915910791,-0.565149628070223,1.41248950058869
4,AE04,26,adhawk,left,0.01,-9,0.998162739238964,-0.579640786644793,-0.565149628070223,1.02564127773392
4,AE04,27,eyelink,right,0.2,-9,0.998409379731786,10.3531638403306,10.8660298353531,0.952800976732654
4,AE04,27,eyelink,left,0.2,-9,0.997865166220455,10.1497052919771,10.8660298353531,0.934076700116778
4,AE04,27,adhawk,right,0.2,-9,0.993413450817869,10.0642445063085,10.8660298353531,0.926211749719665
4,AE04,27,adhawk,left,0.2,-9,0.996627969738082,10.2786704418603,10.8660298353531,0.94594535424688
4,AE04,28,eyelink,right,0.1,-9,0.999708950026693,-4.51453633193236,-4.98897176530716,0.904903163278256
4,AE04,28,eyelink,left,0.1,-9,0.999621476523876,-4.59798576079745,-4.98897176530716,0.921629942420482
4,AE04,28,adhawk,right,0.1,-9,0.995455758546945,-4.73414238471166,-4.98897176530716,0.948921462661393
4,AE04,28,adhawk,left,0.1,-9,0.994992864815043,-4.01597388161464,-4.98897176530716,0.804970256504826
4,AE04,29,eyelink,right,0.1,-9,0.999625394130338,-4.76299159176319,-4.98897176530716,0.954704058436366
4,AE04,29,eyelink,left,0.1,-9,0.999620008517098,-4.73804459557328,-4.98897176530716,0.949703630018754
4,AE04,29,adhawk,right,0.1,-9,0.99882147543463,-5.12194339226394,-4.98897176530716,1.02665311274789
4,AE04,29,adhawk,left,0.1,-9,0.99830796149635,-4.66526566059967,-4.98897176530716,0.935115667128343
4,AE04,30,eyelink,right,0.2,9,0.998600686890865,-10.6139643372928,-10.8660298353531,0.976802429049091
4,AE04,30,eyelink,left,0.2,9,0.997573622612025,-10.1526728163849,-10.8660298353531,0.934349801189825
4,AE04,30,adhawk,right,0.2,9,0.985175770437487,-10.0932009499265,-10.8660298353531,0.928876609291812
4,AE04,30,adhawk,left,0.2,9,0.997104086438849,-10.8189834765446,-10.8660298353531,0.995670326741102
5,AE05,1,eyelink,right,0.2,-9,0.99707929299632,9.31201650583039,10.8660298353531,0.856984257077348
5,AE05,1,eyelink,left,0.2,-9,0.997283512738691,9.00647645246637,10.8660298353531,0.828865426373429
5,AE05,1,adhawk,right,0.2,-9,0.919111981924268,11.2357039317056,10.8660298353531,1.0340210823966
5,AE05,1,adhawk,left,0.2,-9,0.916412655281981,11.3138225051433,10.8660298353531,1.0412103294925
5,AE05,2,eyelink,right,0.1,-9,0.999289224052301,-4.08416144860142,-4.98897176530716,0.818637915933358
5,AE05,2,eyelink,left,0.1,-9,0.999136867282973,-3.83544365825431,-4.98897176530716,0.768784398606067
5,AE05,2,adhawk,right,0.1,-9,0.915685941428419,-4.70411716449389,-4.98897176530716,0.94290314433244
5,AE05,2,adhawk,left,0.1,-9,0.943978797861488,-4.85954376086429,-4.98897176530716,0.974057178406401
5,AE05,3,eyelink,right,0.1,-9,0.999272951267423,-4.9342850068297,-4.98897176530716,0.98903847104172
5,AE05,3,eyelink,left,0.1,-9,0.99918496233863,-4.79371632570893,-4.98897176530716,0.960862588769089
5,AE05,3,adhawk,right,0.1,-9,0.945569909738394,-5.33769370676727,-4.98897176530716,1.06989855983654
5,AE05,3,adhawk,left,0.1,-9,0.9687489090886,-6.13930592513884,-4.98897176530716,1.23057539989121
5,AE05,4,eyelink,right,0.2,9,0.997533555925409,-9.33565178152918,-10.8660298353531,0.859159409921295
5,AE05,4,eyelink,left,0.2,9,0.997526508964925,-9.0979013855062,-10.8660298353531,0.837279256854768
5,AE05,4,adhawk,right,0.2,9,0.913602577252484,-10.3067761669862,-10.8660298353531,0.948531922253023
5,AE05,4,adhawk,left,0.2,9,0.905078946460156,-10.6315600944663,-10.8660298353531,0.978421765406536
5,AE05,5,eyelink,right,0.01,9,0.994204608593864,0.104339906405141,0.565149628070223,0.184623507161145
5,AE05,5,eyelink,left,0.01,9,0.994903882239965,-0.0613112824348775,0.565149628070223,-0.108486813738572
5,AE05,5,adhawk,right,0.01,9,0.990338003435152,-0.0328587872734391,0.565149628070223,-0.0581417480281103
5,AE05,5,adhawk,left,0.01,9,0.985508131010901,0.401984916679017,0.565149628070223,0.711289358982057
5,AE05,6,eyelink,right,0.1,9,0.998565165033265,5.49986657365288,4.98897176530716,1.10240483057019
5,AE05,6,eyelink,left,0.1,9,0.998750159209748,5.49783640619434,4.98897176530716,1.10199789953228
5,AE05,6,adhawk,right,0.1,9,0.894266176279987,5.05688477809206,4.98897176530716,1.0136126272065
5,AE05,6,adhawk,left,0.1,9,0.874579097765131,5.78975322984744,4.98897176530716,1.1605103220084
5,AE05,7,eyelink,right,0.01,-9,0.995141080612076,-0.186565509207781,-0.565149628070223,0.33011701670022
5,AE05,7,eyelink,left,0.01,-9,0.996277474938373,-0.604021447197164,-0.565149628070223,1.06878146458253
5,AE05,7,adhawk,right,0.01,-9,0.512962281372052,0.0647874415587996,-0.565149628070223,-0.114637678839186
5,AE05,7,adhawk,left,0.01,-9,0.644962025191078,-0.929555909478891,-0.565149628070223,1.64479610940023
5,AE05,8,eyelink,right,0.2,9,0.990965401713343,-9.30173793842152,-10.8660298353531,0.85603832120522
5,AE05,8,eyelink,left,0.2,9,0.992495372539336,-9.21866870560193,-10.8660298353531,0.848393465257069
5,AE05,8,adhawk,right,0.2,9,0.553093676218569,-8.68460519783234,-10.8660298353531,0.799243636307401
5,AE05,8,adhawk,left,0.2,9,0.555399266989069,-8.80588366771492,-10.8660298353531,0.810404885790446
5,AE05,9,eyelink,right,0.1,9,0.998456200979531,5.08138699732099,4.98897176530716,1.01852390359402
5,AE05,9,eyelink,left,0.1,9,0.998544843303346,5.14447791044443,4.98897176530716,1.0311699789962
5,AE05,9,adhawk,right,0.1,9,0.739935690105283,5.06101431618472,4.98897176530716,1.01444036051247
5,AE05,9,adhawk,left,0.1,9,0.751645549597343,5.10552947236535,4.98897176530716,1.02336307210009
5,AE05,10,eyelink,right,0.01,9,0.995792410724345,0.43588373124712,0.565149628070223,0.771271375928356
5,AE05,10,eyelink,left,0.01,9,0.994918679138972,0.129015140075837,0.565149628070223,0.228284924324158
5,AE05,10,adhawk,right,0.01,9,0.956271720421538,0.454865473621539,0.565149628070223,0.80485848530899
5,AE05,10,adhawk,left,0.01,9,0.915247224678488,-0.0033200916400304,0.565149628070223,-0.00587471259844457
5,AE05,11,eyelink,right,0.01,-9,0.995796022442725,-0.452766352975688,-0.565149628070223,0.801144211174158
5,AE05,11,eyelink,left,0.01,-9,0.996236863138359,-0.547917535089587,-0.565149628070223,0.969508795326509
5,AE05,11,adhawk,right,0.01,-9,0.684221239867314,-0.239806224384311,-0.565149628070223,0.424323422459218
5,AE05,11,adhawk,left,0.01,-9,0.67307877073605,-0.520263465998553,-0.565149628070223,0.920576498961983
5,AE05,12,eyelink,right,0.2,9,0.995902701538906,-11.5163243796763,-10.8660298353531,1.05984656348056
5,AE05,12,eyelink,left,0.2,9,0.996226216395518,-11.2020804428156,-10.8660298353531,1.03092671495978
5,AE05,12,adhawk,right,0.2,9,0.573699937940017,-8.0977509639176,-10.8660298353531,0.745235480356515
5,AE05,12,adhawk,left,0.2,9,0.554168120727344,-8.15577357456525,-10.8660298353531,0.750575297339059
5,AE05,13,eyelink,right,0.01,9,0.993874119755332,0.774727594173543,0.565149628070223,1.37083624529481
5,AE05,13,eyelink,left,0.01,9,0.991311269862279,0.220233036452534,0.565149628070223,0.38968978393306
5,AE05,13,adhawk,right,0.01,9,0.709402222484599,0.192317482485211,0.565149628070223,0.340294805009258
5,AE05,13,adhawk,left,0.01,9,0.799448015688426,1.13380063377156,0.565149628070223,2.00619548780925
5,AE05,14,eyelink,right,0.2,-9,0.993358456782711,10.9183836193677,10.8660298353531,1.00481811524613
5,AE05,14,eyelink,left,0.2,-9,0.995774392578751,10.7577136142115,10.8660298353531,0.990031665402827
5,AE05,14,adhawk,right,0.2,-9,0.490110946166385,4.50203238475887,10.8660298353531,0.414321739676372
5,AE05,14,adhawk,left,0.2,-9,0.473895145841853,2.55238113362958,10.8660298353531,0.234895465253123
5,AE05,15,eyelink,right,0.1,9,0.998745513261573,4.79146655835619,4.98897176530716,0.960411640666238
5,AE05,15,eyelink,left,0.1,9,0.998816259620557,4.74795948066173,4.98897176530716,0.9516909904519
5,AE05,15,adhawk,right,0.1,9,0.791876920059849,4.52570038628095,4.98897176530716,0.9071409098268
5,AE05,15,adhawk,left,0.1,9,0.732712871205803,4.10196255340925,4.98897176530716,0.822206006843718
5,AE05,16,eyelink,right,0.2,9,0.989751815079677,-10.6650444699253,-10.8660298353531,0.98150333024359
5,AE05,16,eyelink,left,0.2,9,0.989579217134163,-10.3884965654791,-10.8660298353531,0.956052645068181
5,AE05,16,adhawk,right,0.2,9,0.54950060702724,-9.73010955071554,-10.8660298353531,0.895461332073485
5,AE05,16,adhawk,left,0.2,9,0.557801864078832,-9.94769882516214,-10.8660298353531,0.91548605846791
5,AE05,17,eyelink,right,0.1,9,0.999193635531665,5.00514613870831,4.98897176530716,1.00324202544372
5,AE05,17,eyelink,left,0.1,9,0.998811584797959,4.86445484298181,4.98897176530716,0.975041566041477
5,AE05,17,adhawk,right,0.1,9,0.888285330037019,4.84404226009757,4.98897176530716,0.97095002496959
5,AE05,17,adhawk,left,0.1,9,0.81863305046682,5.36763408418146,4.98897176530716,1.07589987209538
5,AE05,18,eyelink,right,0.1,9,0.998652002478897,4.71257498584543,4.98897176530716,0.944598447843749
5,AE05,18,eyelink,left,0.1,9,0.998366777128663,5.17210070745082,4.98897176530716,1.03670675056073
5,AE05,18,adhawk,right,0.1,9,0.682030895982359,4.30353187246297,4.98897176530716,0.862608985360335
5,AE05,18,adhawk,left,0.1,9,0.400394590396433,5.43512569252573,4.98897176530716,1.08942803210896
5,AE05,19,eyelink,right,0.2,-9,0.994231474129863,10.301645013432,10.8660298353531,0.948059702534145
5,AE05,19,eyelink,left,0.2,-9,0.994359276150701,10.1779116263116,10.8660298353531,0.93667252718167
5,AE05,19,adhawk,right,0.2,-9,0.609623088340933,9.74963720019765,10.8660298353531,0.897258460351062
5,AE05,19,adhawk,left,0.2,-9,0.579053847037996,10.8106289250291,10.8660298353531,0.994901457923139
5,AE05,20,eyelink,right,0.01,-9,0.989097171990882,-0.912331023517109,-0.565149628070223,1.61431765713512
5,AE05,20,eyelink,left,0.01,-9,0.991850477156089,-0.03499931869263,-0.565149628070223,0.0619292961620442
5,AE05,20,adhawk,right,0.01,-9,0.371808003911111,-0.312453766088511,-0.565149628070223,0.552869099738109
5,AE05,20,adhawk,left,0.01,-9,0.391668290862966,-0.136329888917401,-0.565149628070223,0.241227954768221
5,AE05,21,eyelink,right,0.01,-9,0.98951716134499,-0.0873731490612322,-0.565149628070223,0.154601798747668
5,AE05,21,eyelink,left,0.01,-9,0.989615018137313,-0.0580542546193879,-0.565149628070223,0.102723688977062
5,AE05,21,adhawk,right,0.01,-9,0.668359893849174,-0.896353238943851,-0.565149628070223,1.58604587957452
5,AE05,21,adhawk,left,0.01,-9,0.65340956948559,-1.48015106492809,-0.565149628070223,2.61904280107599
5,AE05,22,eyelink,right,0.2,-9,0.993613405029436,11.5428532585941,10.8660298353531,1.0622880144355
5,AE05,22,eyelink,left,0.2,-9,0.993808948326553,11.906633383588,10.8660298353531,1.09576667504163
5,AE05,22,adhawk,right,0.2,-9,0.555844821867917,7.79426909282483,10.8660298353531,0.717306064029552
5,AE05,22,adhawk,left,0.2,-9,0.578045280909719,6.52956548002703,10.8660298353531,0.600915475013955
5,AE05,23,eyelink,right,0.01,9,0.990173082724749,0.563101584104117,0.565149628070223,0.996376103133785
5,AE05,23,eyelink,left,0.01,9,0.994239679670293,0.116911328767323,0.565149628070223,0.206867921273401
5,AE05,23,adhawk,right,0.01,9,0.936855578792582,0.541082590205007,0.565149628070223,0.957414750590218
5,AE05,23,adhawk,left,0.01,9,0.937906494485818,0.0208543472101874,0.565149628070223,0.0369005767223051
5,AE05,24,eyelink,right,0.01,9,0.983517307290071,1.05425692492218,0.565149628070223,1.8654474364994
5,AE05,24,eyelink,left,0.01,9,0.990178385442796,0.888912565178957,0.565149628070223,1.57288003216823
5,AE05,24,adhawk,right,0.01,9,0.310140854839249,1.39234617969399,0.565149628070223,2.46367706982013
5,AE05,24,adhawk,left,0.01,9,0.38564769718027,0.363924569067649,0.565149628070223,0.643943746915869
5,AE05,25,eyelink,right,0.1,-9,0.995143394038868,-4.44800197808676,-4.98897176530716,0.891566877370953
5,AE05,25,eyelink,left,0.1,-9,0.99570991012643,-4.50159271211154,-4.98897176530716,0.90230871688134
5,AE05,25,adhawk,right,0.1,-9,0.662371424840431,-4.99696778836847,-4.98897176530716,1.00160273969015
5,AE05,25,adhawk,left,0.1,-9,0.717234769431405,-4.93864879804284,-4.98897176530716,0.989913158536141
5,AE05,26,eyelink,right,0.01,-9,0.990332259470753,-0.363501550282632,-0.565149628070223,0.643195239327778
5,AE05,26,eyelink,left,0.01,-9,0.987973855971477,-0.630516255349159,-0.565149628070223,1.11566251490272
5,AE05,26,adhawk,right,0.01,-9,0.646495684279519,-0.530417189196099,-0.565149628070223,0.938542932439463
5,AE05,26,adhawk,left,0.01,-9,0.880021659042778,-1.23939868918256,-0.565149628070223,2.19304521780302
5,AE05,27,eyelink,right,0.2,-9,0.984271973842646,13.0970449586035,10.8660298353531,1.20532017278212
5,AE05,27,eyelink,left,0.2,-9,0.982797701986085,13.0351386152652,10.8660298353531,1.19962293613945
5,AE05,27,adhawk,right,0.2,-9,0.959182194226581,13.4166054949661,10.8660298353531,1.23472930759996
5,AE05,27,adhawk,left,0.2,-9,0.947034413807711,14.2365881788405,10.8660298353531,1.31019225922987
5,AE05,28,eyelink,right,0.1,-9,0.828672889458265,-6.3012382322965,-4.98897176530716,1.26303345232673
5,AE05,28,eyelink,left,0.1,-9,0.834990862562604,-5.36385826250448,-4.98897176530716,1.07514303845218
5,AE05,28,adhawk,right,0.1,-9,0.724665742745717,-5.92280720686798,-4.98897176530716,1.18717994117638
5,AE05,28,adhawk,left,0.1,-9,0.820238799131064,-6.04745664838757,-4.98897176530716,1.21216493756108
5,AE05,29,eyelink,right,0.1,-9,0.99665952159498,-4.42089721502653,-4.98897176530716,0.886133941620804
5,AE05,29,eyelink,left,0.1,-9,0.995895385414908,-4.20267272975486,-4.98897176530716,0.842392566536425
5,AE05,29,adhawk,right,0.1,-9,0.992174841650722,-4.95620371213927,-4.98897176530716,0.993431902462196
5,AE05,29,adhawk,left,0.1,-9,0.995821113797785,-4.48663515167277,-4.98897176530716,0.899310591988595
5,AE05,30,eyelink,right,0.2,9,0.993569835375115,-10.9609599179959,-10.8660298353531,1.00873640916519
5,AE05,30,eyelink,left,0.2,9,0.993380870458941,-10.3707613272233,-10.8660298353531,0.95442047227604
5,AE05,30,adhawk,right,0.2,9,0.361873209112959,-11.2133065822838,-10.8660298353531,1.03195985582525
5,AE05,30,adhawk,left,0.2,9,0.824251776764419,-11.3471702486448,-10.8660298353531,1.04427932009963
6,AE06,1,eyelink,right,0.2,-9,0.997889756466368,10.2213959110507,10.8660298353531,0.940674383001868
6,AE06,1,eyelink,left,0.2,-9,0.998197911341368,10.0245959195267,10.8660298353531,0.922562892926282
6,AE06,1,adhawk,right,0.2,-9,0.986594648035081,9.5302482402171,10.8660298353531,0.87706810901715
6,AE06,1,adhawk,left,0.2,-9,0.967972096865359,10.2112908871071,10.8660298353531,0.939744418323255
6,AE06,2,eyelink,right,0.1,-9,0.999524917145177,-4.91046067331812,-4.98897176530716,0.98426307149401
6,AE06,2,eyelink,left,0.1,-9,0.999533786167849,-4.92005302083435,-4.98897176530716,0.986185781817395
6,AE06,2,adhawk,right,0.1,-9,0.993738329040281,-5.73627879335378,-4.98897176530716,1.1497917934199
6,AE06,2,adhawk,left,0.1,-9,0.995415039700801,-4.02611209666863,-4.98897176530716,0.807002381666266
6,AE06,3,eyelink,right,0.1,-9,0.998604913970353,-5.14480723931219,-4.98897176530716,1.03123599036753
6,AE06,3,eyelink,left,0.1,-9,0.999249795287898,-5.17874041058038,-4.98897176530716,1.03803762662937
6,AE06,3,adhawk,right,0.1,-9,0.998537351160862,-5.18493877072668,-4.98897176530716,1.03928003898163
6,AE06,3,adhawk,left,0.1,-9,0.999039243882927,-4.5334382557261,-4.98897176530716,0.908691904662841
6,AE06,4,eyelink,right,0.2,9,0.992954375537688,-10.2219478175269,-10.8660298353531,0.940725174918013
6,AE06,4,eyelink,left,0.2,9,0.997150258983708,-10.1675041796386,-10.8660298353531,0.935714730559466
6,AE06,4,adhawk,right,0.2,9,0.954813534841027,-10.3008423739135,-10.8660298353531,0.947985835672864
6,AE06,4,adhawk,left,0.2,9,0.974445370508044,-9.54845127917267,-10.8660298353531,0.878743333476442
6,AE06,5,eyelink,right,0.01,9,0.998108929639556,0.0381090982761237,0.565149628070223,0.0674318735840847
6,AE06,5,eyelink,left,0.01,9,0.99509378013735,0.604431249416837,0.565149628070223,1.06950658621283
6,AE06,5,adhawk,right,0.01,9,0.960088461947607,-0.28345698860606,0.565149628070223,-0.501560957536078
6,AE06,5,adhawk,left,0.01,9,0.98937393423647,1.01368285822103,0.565149628070223,1.79365394202307
6,AE06,6,eyelink,right,0.1,9,0.999399629752779,4.96412432457295,4.98897176530716,0.995019526687444
6,AE06,6,eyelink,left,0.1,9,0.999301220598062,4.7297990254137,4.98897176530716,0.948050870583049
6,AE06,6,adhawk,right,0.1,9,0.998906289552717,4.37218288093796,4.98897176530716,0.876369537976083
6,AE06,6,adhawk,left,0.1,9,0.998509603062624,4.91735804336955,4.98897176530716,0.985645594862732
6,AE06,7,eyelink,right,0.01,-9,0.987632162320821,-0.488430450370932,-0.565149628070223,0.864249795295347
6,AE06,7,eyelink,left,0.01,-9,0.991975847412793,-0.0619523245540034,-0.565149628070223,0.10962110116846
6,AE06,7,adhawk,right,0.01,-9,0.97960299053592,-0.845488203055076,-0.565149628070223,1.49604310267726
6,AE06,7,adhawk,left,0.01,-9,0.97367625108758,-0.00164625233664699,-0.565149628070223,0.00291294951793269
6,AE06,8,eyelink,right,0.2,9,0.984777507461459,-9.95188400584041,-10.8660298353531,0.9158712203662
6,AE06,8,eyelink,left,0.2,9,0.991046786729684,-10.3073008903527,-10.8660298353531,0.948580212509394
6,AE06,8,adhawk,right,0.2,9,0.982243052825381,-9.53089558973873,-10.8660298353531,0.87712768455039
6,AE06,8,adhawk,left,0.2,9,0.987159334879581,-10.1511340445149,-10.8660298353531,0.934208188117409
6,AE06,9,eyelink,right,0.1,9,0.998394388986353,5.3866605413977,4.98897176530716,1.07971357522126
6,AE06,9,eyelink,left,0.1,9,0.997920068629293,5.39774073376799,4.98897176530716,1.08193451229838
6,AE06,9,adhawk,right,0.1,9,0.996563365985186,4.49999527867181,4.98897176530716,0.901988523960859
6,AE06,9,adhawk,left,0.1,9,0.992373720240495,5.68176461493386,4.98897176530716,1.13886485677155
6,AE06,10,eyelink,right,0.01,9,0.993882692726721,0.223214960724745,0.565149628070223,0.394966128681604
6,AE06,10,eyelink,left,0.01,9,0.996700848698553,0.195998406567346,0.565149628070223,0.346807990012501
6,AE06,10,adhawk,right,0.01,9,0.97002170805659,-0.159464623649835,0.565149628070223,-0.282163547013819
6,AE06,10,adhawk,left,0.01,9,0.989808658235704,0.777493985179314,0.565149628070223,1.37573121623413
6,AE06,11,eyelink,right,0.01,-9,0.952168916975448,-0.780982258804421,-0.565149628070223,1.38190351725292
6,AE06,11,eyelink,left,0.01,-9,0.985160905065214,-0.797091050300647,-0.565149628070223,1.41040710408395
6,AE06,11,adhawk,right,0.01,-9,0.866044678675162,-0.873817348226922,-0.565149628070223,1.54616990762373
6,AE06,11,adhawk,left,0.01,-9,0.943758409452277,-0.80853087047312,-0.565149628070223,1.43064921272965
6,AE06,12,eyelink,right,0.2,9,0.948362261246102,-8.92113700757958,-10.8660298353531,0.821011642960362
6,AE06,12,eyelink,left,0.2,9,0.938195718945677,-8.2566226672379,-10.8660298353531,0.759856432601962
6,AE06,12,adhawk,right,0.2,9,0.938002241957471,-9.52778280136355,-10.8660298353531,0.876841214844126
6,AE06,12,adhawk,left,0.2,9,0.888925929382609,-7.42772130265179,-10.8660298353531,0.683572695381837
6,AE06,13,eyelink,right,0.01,9,0.989358271075749,0.0124701544464335,0.565149628070223,0.0220652263171692
6,AE06,13,eyelink,left,0.01,9,0.970805692110714,0.870124142599812,0.565149628070223,1.53963499112786
6,AE06,13,adhawk,right,0.01,9,0.478426831919392,0.215988210499393,0.565149628070223,0.382178806764703
6,AE06,13,adhawk,left,0.01,9,0.975123251458944,0.459055491580481,0.565149628070223,0.812272482860841
6,AE06,14,eyelink,right,0.2,-9,0.981062993435438,9.41672077749079,10.8660298353531,0.866620184205004
6,AE06,14,eyelink,left,0.2,-9,0.987643476312676,10.0000773670753,10.8660298353531,0.920306452181786
6,AE06,14,adhawk,right,0.2,-9,0.989520121454463,9.13452753837712,10.8660298353531,0.8406499592572
6,AE06,14,adhawk,left,0.2,-9,0.969835801682378,9.72817452799244,10.8660298353531,0.895283252061519
6,AE06,15,eyelink,right,0.1,9,0.992387202128608,6.50363869155754,4.98897176530716,1.30360302633565
6,AE06,15,eyelink,left,0.1,9,0.994719573050017,6.18721618564097,4.98897176530716,1.24017863333409
6,AE06,15,adhawk,right,0.1,9,0.983082334459662,3.72813855290856,4.98897176530716,0.747275937465448
6,AE06,15,adhawk,left,0.1,9,0.976974830063312,6.54038708285258,4.98897176530716,1.31096895122434
6,AE06,16,eyelink,right,0.2,9,0.969467221308842,-7.29017409511995,-10.8660298353531,0.670914235059528
6,AE06,16,eyelink,left,0.2,9,0.982468887146204,-7.60074788846924,-10.8660298353531,0.699496320518085
6,AE06,16,adhawk,right,0.2,9,0.953333352486156,-6.60020380701131,-10.8660298353531,0.60741631552835
6,AE06,16,adhawk,left,0.2,9,0.964142408385377,-7.43254208036591,-10.8660298353531,0.684016351232885
6,AE06,17,eyelink,right,0.1,9,0.998978851727641,5.20903908331629,4.98897176530716,1.04411075635654
6,AE06,17,eyelink,left,0.1,9,0.998394912821932,4.89402117211573,4.98897176530716,0.98096790327584
6,AE06,17,adhawk,right,0.1,9,0.997913628669923,4.60232203114372,4.98897176530716,0.922499113574431
6,AE06,17,adhawk,left,0.1,9,0.996093081395621,5.21417427209574,4.98897176530716,1.04514006440257
6,AE06,18,eyelink,right,0.1,9,0.996422738876838,6.36864288310379,4.98897176530716,1.27654418238859
6,AE06,18,eyelink,left,0.1,9,0.993451452935088,6.40162726949415,4.98897176530716,1.28315564221278
6,AE06,18,adhawk,right,0.1,9,0.991646264144981,4.16665002125833,4.98897176530716,0.835172099035079
6,AE06,18,adhawk,left,0.1,9,0.98864124989358,7.08065826300129,4.98897176530716,1.41926204358171
6,AE06,19,eyelink,right,0.2,-9,0.987741674657966,11.1188876908219,10.8660298353531,1.02327049155029
6,AE06,19,eyelink,left,0.2,-9,0.997239894588343,10.9012608600771,10.8660298353531,1.00324230885225
6,AE06,19,adhawk,right,0.2,-9,0.984167182548305,11.087950675324,10.8660298353531,1.02042336008031
6,AE06,19,adhawk,left,0.2,-9,0.986219201958727,11.0984487553579,10.8660298353531,1.02138949768467
6,AE06,20,eyelink,right,0.01,-9,0.976799978801971,-0.725027053789028,-0.565149628070223,1.28289397670618
6,AE06,20,eyelink,left,0.01,-9,0.997338132739292,-0.383920029319779,-0.565149628070223,0.679324572203514
6,AE06,20,adhawk,right,0.01,-9,0.944090353286067,-1.6783212719038,-0.565149628070223,2.96969366791348
6,AE06,20,adhawk,left,0.01,-9,0.949650957458538,0.471351042123774,-0.565149628070223,-0.834028757540307
6,AE06,21,eyelink,right,0.01,-9,0.984004136520794,-0.798904617820029,-0.565149628070223,1.41361610826498
6,AE06,21,eyelink,left,0.01,-9,0.996867212812104,-0.752521565020451,-0.565149628070223,1.33154394454798
6,AE06,21,adhawk,right,0.01,-9,0.97252918713589,-1.316053059292,-0.565149628070223,2.32868074917758
6,AE06,21,adhawk,left,0.01,-9,0.995134414306189,-0.342231166952511,-0.565149628070223,0.605558510444577
6,AE06,22,eyelink,right,0.2,-9,0.995408389046951,9.67934019283685,10.8660298353531,0.89078903145882
6,AE06,22,eyelink,left,0.2,-9,0.995291708121412,9.44312605348717,10.8660298353531,0.869050259991329
6,AE06,22,adhawk,right,0.2,-9,0.981673865077203,10.0636693418037,10.8660298353531,0.926158817368704
6,AE06,22,adhawk,left,0.2,-9,0.970107489052833,9.00378441433609,10.8660298353531,0.828617678284102
6,AE06,23,eyelink,right,0.01,9,0.985434056424847,0.962948501077018,0.565149628070223,1.70388239370365
6,AE06,23,eyelink,left,0.01,9,0.991062656381724,0.683134568151542,0.565149628070223,1.20876761519634
6,AE06,23,adhawk,right,0.01,9,0.983885975410741,0.367013331188963,0.565149628070223,0.64940913513856
6,AE06,23,adhawk,left,0.01,9,0.985398588487066,-0.0688501951363399,0.565149628070223,-0.121826489334228
6,AE06,24,eyelink,right,0.01,9,0.378382740840937,-0.0780991602776921,0.565149628070223,-0.138192005087877
6,AE06,24,eyelink,left,0.01,9,0.109611440086243,0.944112805755644,0.565149628070223,1.67055370624491
6,AE06,24,adhawk,right,0.01,9,0.69482277572619,0.389149599186639,0.565149628070223,0.688577997503849
6,AE06,24,adhawk,left,0.01,9,0.131830692900807,0.534069919160605,0.565149628070223,0.945006229561286
6,AE06,25,eyelink,right,0.1,-9,0.994401356608092,-3.76846193165031,-4.98897176530716,0.755358440361567
6,AE06,25,eyelink,left,0.1,-9,0.998314573143152,-4.90545187016689,-4.98897176530716,0.98325909644928
6,AE06,25,adhawk,right,0.1,-9,0.980973841859038,-5.82915260372726,-4.98897176530716,1.16840761542541
6,AE06,25,adhawk,left,0.1,-9,0.996336803951887,-5.45125259178891,-4.98897176530716,1.09266054173656
6,AE06,26,eyelink,right,0.01,-9,0.993458956702878,-0.231904877667739,-0.565149628070223,0.410342440566773
6,AE06,26,eyelink,left,0.01,-9,0.993999377798225,-0.291841564928853,-0.565149628070223,0.516396986627036
6,AE06,26,adhawk,right,0.01,-9,0.982571424102902,-0.137688553343077,-0.565149628070223,0.243632033897345
6,AE06,26,adhawk,left,0.01,-9,0.980140762854712,-0.479676118792249,-0.565149628070223,0.848759505390042
6,AE06,27,eyelink,right,0.2,-9,0.996270616410018,9.52455759869603,10.8660298353531,0.876544399658048
6,AE06,27,eyelink,left,0.2,-9,0.996206279181989,9.63832264946568,10.8660298353531,0.887014189681954
6,AE06,27,adhawk,right,0.2,-9,0.961443303102205,8.46279170016161,10.8660298353531,0.778830154931798
6,AE06,27,adhawk,left,0.2,-9,0.970336973294421,10.3122694900872,10.8660298353531,0.949037472411111
6,AE06,28,eyelink,right,0.1,-9,0.998879388282065,-4.98899888310952,-4.98897176530716,1.00000543554937
6,AE06,28,eyelink,left,0.1,-9,0.999546499418221,-4.377647330535,-4.98897176530716,0.877464843753325
6,AE06,28,adhawk,right,0.1,-9,NaN,NaN,-4.98897176530716,NaN
6,AE06,28,adhawk,left,0.1,-9,-0.884277476702686,NaN,-4.98897176530716,NaN
6,AE06,29,eyelink,right,0.1,-9,0.999108345521766,-4.38854833701518,-4.98897176530716,0.879649864433535
6,AE06,29,eyelink,left,0.1,-9,0.999198253646994,-4.39932783370418,-4.98897176530716,0.881810529435482
6,AE06,29,adhawk,right,0.1,-9,NaN,NaN,-4.98897176530716,NaN
6,AE06,29,adhawk,left,0.1,-9,0.995204087215805,-4.55528001893879,-4.98897176530716,0.913069913647493
6,AE06,30,eyelink,right,0.2,9,0.994920338660241,-9.44276705465132,-10.8660298353531,0.869017221352444
6,AE06,30,eyelink,left,0.2,9,0.995184317367632,-9.21833252153484,-10.8660298353531,0.848362526259829
6,AE06,30,adhawk,right,0.2,9,-0.449201309691206,18.9767853089664,-10.8660298353531,-1.74643228451523
6,AE06,30,adhawk,left,0.2,9,0.978391216069839,-8.45833684805047,-10.8660298353531,0.778420175189552
7,AE07,1,eyelink,right,0.2,-9,0.9974728433036,10.1206205546852,10.8660298353531,0.931400033686385
7,AE07,1,eyelink,left,0.2,-9,0.99571639577029,10.0878739695501,10.8660298353531,0.928386367643566
7,AE07,1,adhawk,right,0.2,-9,0.987918299366676,8.54967953675226,10.8660298353531,0.786826436729953
7,AE07,1,adhawk,left,0.2,-9,0.996091784429051,9.05024701531926,10.8660298353531,0.832893628349324
7,AE07,2,eyelink,right,0.1,-9,0.997624048583457,-4.78978324148749,-4.98897176530716,0.960074233090511
7,AE07,2,eyelink,left,0.1,-9,0.998437812198507,-4.60656050710096,-4.98897176530716,0.923348682615234
7,AE07,2,adhawk,right,0.1,-9,0.992148967854723,-3.50291917123812,-4.98897176530716,0.702132490626043
7,AE07,2,adhawk,left,0.1,-9,0.998592110527257,-4.82721602609356,-4.98897176530716,0.967577339214779
7,AE07,3,eyelink,right,0.1,-9,0.997414767152402,-5.23365652950075,-4.98897176530716,1.04904512907752
7,AE07,3,eyelink,left,0.1,-9,0.997257685382787,-4.94412134388477,-4.98897176530716,0.991010087141747
7,AE07,3,adhawk,right,0.1,-9,0.995445382178974,-4.28730937126683,-4.98897176530716,0.859357313080097
7,AE07,3,adhawk,left,0.1,-9,0.985229324909182,-4.92846665081942,-4.98897176530716,0.987872227518205
7,AE07,4,eyelink,right,0.2,9,0.993907591662129,-8.12569991321649,-10.8660298353531,0.747807620293767
7,AE07,4,eyelink,left,0.2,9,0.992682308147877,-7.76855367899142,-10.8660298353531,0.714939476212009
7,AE07,4,adhawk,right,0.2,9,0.990075903035078,-6.4503358822198,-10.8660298353531,0.593623980419541
7,AE07,4,adhawk,left,0.2,9,0.991799302244143,-7.04152059210921,-10.8660298353531,0.648030669785141
7,AE07,5,eyelink,right,0.01,9,0.992923192394127,-0.0759716740144326,0.565149628070223,-0.134427539612559
7,AE07,5,eyelink,left,0.01,9,0.995937302328989,0.9087273464773,0.565149628070223,1.60794115636291
7,AE07,5,adhawk,right,0.01,9,0.867426084334716,0.226819598785871,0.565149628070223,0.401344329926176
7,AE07,5,adhawk,left,0.01,9,0.943078708776259,0.512470135980861,0.565149628070223,0.90678664645106
7,AE07,6,eyelink,right,0.1,9,0.999201179835172,4.75079026402531,4.98897176530716,0.952258398626719
7,AE07,6,eyelink,left,0.1,9,0.998789072609655,4.99864645611975,4.98897176530716,1.001939215387
7,AE07,6,adhawk,right,0.1,9,0.996464080676971,3.09292360749087,4.98897176530716,0.619952116987066
7,AE07,6,adhawk,left,0.1,9,0.994638248366371,4.20941262343181,4.98897176530716,0.843743525009236
7,AE07,7,eyelink,right,0.01,-9,0.996203522302015,-0.659067972860006,-0.565149628070223,1.16618314889542
7,AE07,7,eyelink,left,0.01,-9,0.98473468911467,-0.909768057997957,-0.565149628070223,1.60978263597992
7,AE07,7,adhawk,right,0.01,-9,0.945676848441194,-0.893648865590422,-0.565149628070223,1.58126064533016
7,AE07,7,adhawk,left,0.01,-9,0.8739794916076,-0.518424208847777,-0.565149628070223,0.91732203844494
7,AE07,8,eyelink,right,0.2,9,0.997384712314374,-10.6329257221927,-10.8660298353531,0.978547444034984
7,AE07,8,eyelink,left,0.2,9,0.997716547855666,-10.541063028776,-10.8660298353531,0.970093326495401
7,AE07,8,adhawk,right,0.2,9,0.958682914966873,-9.1190665729788,-10.8660298353531,0.839227087644238
7,AE07,8,adhawk,left,0.2,9,0.949611876292084,-9.7512866388879,-10.8660298353531,0.89741025808356
7,AE07,9,eyelink,right,0.1,9,0.999334815345359,4.34996679626288,4.98897176530716,0.871916499209746
7,AE07,9,eyelink,left,0.1,9,0.99942895801103,4.37335817080613,4.98897176530716,0.876605115550673
7,AE07,9,adhawk,right,0.1,9,0.996396138699945,3.00864494182361,4.98897176530716,0.603059123875073
7,AE07,9,adhawk,left,0.1,9,0.993630499454697,3.58243590785414,4.98897176530716,0.718070992657457
7,AE07,10,eyelink,right,0.01,9,0.993319824813886,1.14477334794322,0.565149628070223,2.02561107905565
7,AE07,10,eyelink,left,0.01,9,0.991867922289331,0.609727551779699,0.565149628070223,1.07887809085479
7,AE07,10,adhawk,right,0.01,9,0.975327272552311,0.480653240706805,0.565149628070223,0.850488466829675
7,AE07,10,adhawk,left,0.01,9,0.91437305542521,-0.0152913200589488,0.565149628070223,-0.0270571177958004
7,AE07,11,eyelink,right,0.01,-9,0.982932606986075,-0.97931195762712,-0.565149628070223,1.73283659580757
7,AE07,11,eyelink,left,0.01,-9,0.903747687884339,-1.12615726695136,-0.565149628070223,1.99267098661424
7,AE07,11,adhawk,right,0.01,-9,0.92026936639093,-0.704622842857103,-0.565149628070223,1.24678989042801
7,AE07,11,adhawk,left,0.01,-9,0.873182096278293,-0.40006969154491,-0.565149628070223,0.707900477455856
7,AE07,12,eyelink,right,0.2,9,0.995955460870153,-9.89398535982054,-10.8660298353531,0.910542811840071
7,AE07,12,eyelink,left,0.2,9,0.998017622282749,-10.0751386452579,-10.8660298353531,0.927214336599557
7,AE07,12,adhawk,right,0.2,9,0.945589631497441,-8.71024046342303,-10.8660298353531,0.801602848087521
7,AE07,12,adhawk,left,0.2,9,0.940499999331643,-9.03184443321234,-10.8660298353531,0.831200039947141
7,AE07,13,eyelink,right,0.01,9,0.970538716232278,0.893300273684735,0.565149628070223,1.58064383185569
7,AE07,13,eyelink,left,0.01,9,0.783526360385443,-0.0127731611633676,0.565149628070223,-0.0226013794028021
7,AE07,13,adhawk,right,0.01,9,0.277951034259314,-0.0269441848620019,0.565149628070223,-0.0476761967516573
7,AE07,13,adhawk,left,0.01,9,0.3042160438397,0.187448250082259,0.565149628070223,0.331678976278062
7,AE07,14,eyelink,right,0.2,-9,0.997218233187666,9.46419217507478,10.8660298353531,0.87098897375402
7,AE07,14,eyelink,left,0.2,-9,0.996949909284295,9.774203314079,10.8660298353531,0.89951927817078
7,AE07,14,adhawk,right,0.2,-9,0.994881828037508,8.64464030357295,10.8660298353531,0.795565669757985
7,AE07,14,adhawk,left,0.2,-9,0.995583412873381,9.1749677753861,10.8660298353531,0.844371671568113
7,AE07,15,eyelink,right,0.1,9,0.996372833423932,4.34733509195306,4.98897176530716,0.871388994859426
7,AE07,15,eyelink,left,0.1,9,0.994961855308689,3.98191503817247,4.98897176530716,0.798143430247958
7,AE07,15,adhawk,right,0.1,9,0.995389765354386,3.2992189484371,4.98897176530716,0.661302389277798
7,AE07,15,adhawk,left,0.1,9,0.992257725735002,3.25172731042817,4.98897176530716,0.651783065408462
7,AE07,16,eyelink,right,0.2,9,0.992731016378862,-9.98126769723314,-10.8660298353531,0.918575399522523
7,AE07,16,eyelink,left,0.2,9,0.992890325683598,-10.0393117620477,-10.8660298353531,0.923917190930612
7,AE07,16,adhawk,right,0.2,9,0.969736325850366,-8.74088263717871,-10.8660298353531,0.804422845291649
7,AE07,16,adhawk,left,0.2,9,0.987335178155375,-9.55509154826187,-10.8660298353531,0.879354436997214
7,AE07,17,eyelink,right,0.1,9,0.997205402321283,2.52679119390362,4.98897176530716,0.506475344573943
7,AE07,17,eyelink,left,0.1,9,0.982290167765347,4.41072797831799,4.98897176530716,0.884095598413641
7,AE07,17,adhawk,right,0.1,9,0.991077524897596,2.75747077597668,4.98897176530716,0.55271324547312
7,AE07,17,adhawk,left,0.1,9,0.996315573086512,3.63952412694608,4.98897176530716,0.729513875435213
7,AE07,18,eyelink,right,0.1,9,0.99827925545682,4.73663446961137,4.98897176530716,0.949420981403318
7,AE07,18,eyelink,left,0.1,9,0.999009138360623,4.7891356605305,4.98897176530716,0.95994443060065
7,AE07,18,adhawk,right,0.1,9,0.997834569283126,3.08700435901873,4.98897176530716,0.618765650366167
7,AE07,18,adhawk,left,0.1,9,0.999531610761842,3.57928013668172,4.98897176530716,0.717438443242292
7,AE07,19,eyelink,right,0.2,-9,0.996345227500346,9.84774001892247,10.8660298353531,0.906286856205972
7,AE07,19,eyelink,left,0.2,-9,0.995765246376617,10.0769651334633,10.8660298353531,0.927382428187102
7,AE07,19,adhawk,right,0.2,-9,0.9919911833578,7.93364687688977,10.8660298353531,0.730132992187937
7,AE07,19,adhawk,left,0.2,-9,0.938270231033571,8.99404980916233,10.8660298353531,0.82772180322014
7,AE07,20,eyelink,right,0.01,-9,0.990354617345363,-0.642923145736017,-0.565149628070223,1.13761579907849
7,AE07,20,eyelink,left,0.01,-9,0.928917878114344,-0.599365922707125,-0.565149628070223,1.06054377980171
7,AE07,20,adhawk,right,0.01,-9,0.790982856917463,-0.322099632765083,-0.565149628070223,0.569936910097481
7,AE07,20,adhawk,left,0.01,-9,0.948464606021672,-0.446176157267775,-0.565149628070223,0.789483236132176
7,AE07,21,eyelink,right,0.01,-9,0.988962381668398,-0.369995480535287,-0.565149628070223,0.6546858781429
7,AE07,21,eyelink,left,0.01,-9,0.852573741264559,-0.841580935200453,-0.565149628070223,1.48912941529156
7,AE07,21,adhawk,right,0.01,-9,0.231469284084878,-0.905156446364011,-0.565149628070223,1.60162265249079
7,AE07,21,adhawk,left,0.01,-9,0.369978684307503,-0.242510492989088,-0.565149628070223,0.429108471356818
7,AE07,22,eyelink,right,0.2,-9,0.99717022988639,9.52311770956979,10.8660298353531,0.87641188675793
7,AE07,22,eyelink,left,0.2,-9,0.995436629222713,9.60531229082457,10.8660298353531,0.883976248580991
7,AE07,22,adhawk,right,0.2,-9,0.993053072187352,8.10174294758399,10.8660298353531,0.745602862346706
7,AE07,22,adhawk,left,0.2,-9,0.989798398345772,9.31289090513992,10.8660298353531,0.857064727987403
7,AE07,23,eyelink,right,0.01,9,0.328113263776571,-0.11820537958654,0.565149628070223,-0.20915767031497
7,AE07,23,eyelink,left,0.01,9,0.412861093895004,-0.339866771969068,0.565149628070223,-0.601374848515052
7,AE07,23,adhawk,right,0.01,9,-0.389659580319164,-0.023148577527161,0.565149628070223,-0.0409600862805215
7,AE07,23,adhawk,left,0.01,9,-0.0757578795426857,1.6210956270187,0.565149628070223,2.86843615655228
7,AE07,24,eyelink,right,0.01,9,0.995081661333307,0.159690956953797,0.565149628070223,0.282564030872819
7,AE07,24,eyelink,left,0.01,9,0.994531085771797,0.17304844574431,0.565149628070223,0.30619934465003
7,AE07,24,adhawk,right,0.01,9,0.981356428898088,0.215839643156266,0.565149628070223,0.3819159253334
7,AE07,24,adhawk,left,0.01,9,0.987077962118395,0.394745176789989,0.565149628070223,0.698479052596916
7,AE07,25,eyelink,right,0.1,-9,0.996117130081337,-4.28517489350318,-4.98897176530716,0.858929473865113
7,AE07,25,eyelink,left,0.1,-9,0.993175772282812,-4.63805227958559,-4.98897176530716,0.929660959766935
7,AE07,25,adhawk,right,0.1,-9,0.654929660668502,-4.54510452591621,-4.98897176530716,0.911030316411577
7,AE07,25,adhawk,left,0.1,-9,0.722957217151952,-4.50333590906286,-4.98897176530716,0.902658126946846
7,AE07,26,eyelink,right,0.01,-9,0.989711929428549,-0.241542364328959,-0.565149628070223,0.42739542296743
7,AE07,26,eyelink,left,0.01,-9,0.905506591717983,-0.305459133683189,-0.565149628070223,0.540492497051124
7,AE07,26,adhawk,right,0.01,-9,0.762606694324823,-0.556092113019102,-0.565149628070223,0.98397324425029
7,AE07,26,adhawk,left,0.01,-9,0.927695191719943,-0.218337154970196,-0.565149628070223,0.386335129894249
7,AE07,27,eyelink,right,0.2,-9,0.996471466819473,9.77031175085764,10.8660298353531,0.899161137867438
7,AE07,27,eyelink,left,0.2,-9,0.995455713613496,10.1799306593284,10.8660298353531,0.936858338655355
7,AE07,27,adhawk,right,0.2,-9,0.991495965983141,8.76389804938873,10.8660298353531,0.806540952140127
7,AE07,27,adhawk,left,0.2,-9,0.962311325465484,9.87165022215824,10.8660298353531,0.908487310612785
7,AE07,28,eyelink,right,0.1,-9,0.998093954114278,-4.70399570345442,-4.98897176530716,0.942878798426074
7,AE07,28,eyelink,left,0.1,-9,0.998704621181481,-4.69032427475741,-4.98897176530716,0.940138468486328
7,AE07,28,adhawk,right,0.1,-9,0.995720414622263,-3.20846201996576,-4.98897176530716,0.64311087953576
7,AE07,28,adhawk,left,0.1,-9,0.995946908906615,-3.51845471671123,-4.98897176530716,0.705246468055449
7,AE07,29,eyelink,right,0.1,-9,0.998511548373968,-5.49081555167443,-4.98897176530716,1.10059062467682
7,AE07,29,eyelink,left,0.1,-9,0.99538866247335,-3.87003578776932,-4.98897176530716,0.775718117845682
7,AE07,29,adhawk,right,0.1,-9,0.980761431898179,-4.02404651030489,-4.98897176530716,0.806588351188461
7,AE07,29,adhawk,left,0.1,-9,0.77950823518196,-3.84468448618245,-4.98897176530716,0.770636649603437
7,AE07,30,eyelink,right,0.2,9,0.99261626995419,-9.59377065909556,-10.8660298353531,0.882914072983841
7,AE07,30,eyelink,left,0.2,9,0.995573054743949,-9.59356577667454,-10.8660298353531,0.882895217668319
7,AE07,30,adhawk,right,0.2,9,0.993575370914934,-8.40579559209047,-10.8660298353531,0.773584806912809
7,AE07,30,adhawk,left,0.2,9,0.995818001745512,-8.7981783516652,-10.8660298353531,0.809695766069032
8,AE08,1,eyelink,right,0.2,-9,0.976102075208852,15.5792331666907,10.8660298353531,1.4337557877858
8,AE08,1,eyelink,left,0.2,-9,0.98028163546296,14.991453593807,10.8660298353531,1.3796624729514
8,AE08,1,adhawk,right,0.2,-9,0.878944803108055,12.4296950276033,10.8660298353531,1.14390400320481
8,AE08,1,adhawk,left,0.2,-9,0.919198007132806,11.6966027255671,10.8660298353531,1.07643756761201
8,AE08,2,eyelink,right,0.1,-9,0.999411500731979,-4.02861711174404,-4.98897176530716,0.80750449215982
8,AE08,2,eyelink,left,0.1,-9,0.999427035465166,-4.46685378155294,-4.98897176530716,0.895345572531602
8,AE08,2,adhawk,right,0.1,-9,0.998865016263303,-3.55507237381009,-4.98897176530716,0.712586188306723
8,AE08,2,adhawk,left,0.1,-9,0.999185879431381,-4.11909078444192,-4.98897176530716,0.825639225518511
8,AE08,3,eyelink,right,0.1,-9,0.999260360964153,-4.65056152717565,-4.98897176530716,0.932168339679775
8,AE08,3,eyelink,left,0.1,-9,0.999195303051097,-4.9152166858849,-4.98897176530716,0.985216376661992
8,AE08,3,adhawk,right,0.1,-9,0.996573426784099,-4.03328762400237,-4.98897176530716,0.808440659466038
8,AE08,3,adhawk,left,0.1,-9,0.999042320349093,-4.87262298092752,-4.98897176530716,0.976678804801278
8,AE08,4,eyelink,right,0.2,9,0.99786631609668,-10.3050876621964,-10.8660298353531,0.94837652926999
8,AE08,4,eyelink,left,0.2,9,0.997233596321143,-10.3180172989323,-10.8660298353531,0.949566442875223
8,AE08,4,adhawk,right,0.2,9,0.995837105732857,-9.29865813242589,-10.8660298353531,0.855754886865144
8,AE08,4,adhawk,left,0.2,9,0.995862303723009,-9.9716316192238,-10.8660298353531,0.917688591906921
8,AE08,5,eyelink,right,0.01,9,0.99615260591253,0.339189150941893,0.565149628070223,0.60017583679582
8,AE08,5,eyelink,left,0.01,9,0.997970394482291,0.604571782528332,0.565149628070223,1.06975525152997
8,AE08,5,adhawk,right,0.01,9,0.931506879836846,0.201703327448951,0.565149628070223,0.356902521793552
8,AE08,5,adhawk,left,0.01,9,0.801558129992866,0.703915951866738,0.565149628070223,1.24553908718006
8,AE08,6,eyelink,right,0.1,9,0.999396157711388,4.16769201316798,4.98897176530716,0.835380958086338
8,AE08,6,eyelink,left,0.1,9,0.999488095707849,4.36934556572268,4.98897176530716,0.875800820543163
8,AE08,6,adhawk,right,0.1,9,0.998220448769747,3.31934707895531,4.98897176530716,0.665336914118804
8,AE08,6,adhawk,left,0.1,9,0.998586874460078,3.90913895022229,4.98897176530716,0.783556038020915
8,AE08,7,eyelink,right,0.01,-9,0.994478918687197,-0.482481779238147,-0.565149628070223,0.853723961361603
8,AE08,7,eyelink,left,0.01,-9,0.997825538136324,-0.539677131645441,-0.565149628070223,0.954927871912857
8,AE08,7,adhawk,right,0.01,-9,0.990301350291125,-0.0875894100986559,-0.565149628070223,0.154984460306099
8,AE08,7,adhawk,left,0.01,-9,0.989007763277192,-0.335754932729819,-0.565149628070223,0.594099183744131
8,AE08,8,eyelink,right,0.2,9,0.991290125610243,-10.9891105884208,-10.8660298353531,1.01132711348419
8,AE08,8,eyelink,left,0.2,9,0.997619938556358,-10.3181120549196,-10.8660298353531,0.949575163262401
8,AE08,8,adhawk,right,0.2,9,0.947153753169015,-10.0624316341844,-10.8660298353531,0.926044911219168
8,AE08,8,adhawk,left,0.2,9,0.993260401627422,-9.89169980513528,-10.8660298353531,0.910332472395041
8,AE08,9,eyelink,right,0.1,9,0.999328969571068,3.7975049555663,4.98897176530716,0.761179885196743
8,AE08,9,eyelink,left,0.1,9,0.998258303510529,4.26471609017629,4.98897176530716,0.854828668270429
8,AE08,9,adhawk,right,0.1,9,0.998435981430958,2.73656589465448,4.98897176530716,0.548523027066279
8,AE08,9,adhawk,left,0.1,9,0.994888257398747,3.80703093396212,4.98897176530716,0.763089292353959
8,AE08,10,eyelink,right,0.01,9,0.997633083344136,0.707180870469887,0.565149628070223,1.25131617423982
8,AE08,10,eyelink,left,0.01,9,0.995186663733775,0.662200250677669,0.565149628070223,1.1717255356583
8,AE08,10,adhawk,right,0.01,9,0.993744352976385,0.553950364324172,0.565149628070223,0.980183542216435
8,AE08,10,adhawk,left,0.01,9,0.993325767531964,-0.0364462594571623,0.565149628070223,-0.0644895752326915
8,AE08,11,eyelink,right,0.01,-9,0.991300421745502,0.0118126344114463,-0.565149628070223,-0.0209017821559612
8,AE08,11,eyelink,left,0.01,-9,0.9962309103252,-0.0296482982008936,-0.565149628070223,0.0524609709151391
8,AE08,11,adhawk,right,0.01,-9,0.979012350673641,0.150994131323999,-0.565149628070223,-0.2671754944608
8,AE08,11,adhawk,left,0.01,-9,0.992290438096494,-0.878670459135296,-0.565149628070223,1.55475721029072
8,AE08,12,eyelink,right,0.2,9,0.997881889818239,-11.2235306981018,-10.8660298353531,1.0329007805211
8,AE08,12,eyelink,left,0.2,9,0.997503231018577,-10.9374650890633,-10.8660298353531,1.00657418162775
8,AE08,12,adhawk,right,0.2,9,0.965555295034276,-9.9044056717273,-10.8660298353531,0.911501792448873
8,AE08,12,adhawk,left,0.2,9,0.954148271402417,-10.4437399264919,-10.8660298353531,0.961136687892453
8,AE08,13,eyelink,right,0.01,9,0.997579103372353,0.565620831683044,0.565149628070223,1.00083376788981
8,AE08,13,eyelink,left,0.01,9,0.991415699790058,0.339424312576315,0.565149628070223,0.600591941881522
8,AE08,13,adhawk,right,0.01,9,0.970610698343737,0.477204122546567,0.565149628070223,0.844385449170413
8,AE08,13,adhawk,left,0.01,9,0.972831735850844,0.0917013520293275,0.565149628070223,0.162260306783628
8,AE08,14,eyelink,right,0.2,-9,0.99592007203336,11.0203241517506,10.8660298353531,1.01419969563267
8,AE08,14,eyelink,left,0.2,-9,0.995985988652756,10.676997656321,10.8660298353531,0.982603381189227
8,AE08,14,adhawk,right,0.2,-9,0.909666488088899,9.52845752325493,10.8660298353531,0.876903309454725
8,AE08,14,adhawk,left,0.2,-9,0.96436668619108,9.75952958275712,10.8660298353531,0.898168855657293
8,AE08,15,eyelink,right,0.1,9,0.99881663918485,4.78401934036363,4.98897176530716,0.958918904619033
8,AE08,15,eyelink,left,0.1,9,0.998843693148375,4.85843550508155,4.98897176530716,0.973835037284968
8,AE08,15,adhawk,right,0.1,9,0.99864903481482,4.0004687684224,4.98897176530716,0.801862378985843
8,AE08,15,adhawk,left,0.1,9,0.996284334136029,4.7932687270863,4.98897176530716,0.960772871159192
8,AE08,16,eyelink,right,0.2,9,0.997450745004391,-11.065506748564,-10.8660298353531,1.01835784699963
8,AE08,16,eyelink,left,0.2,9,0.996071126483908,-10.6189198620402,-10.8660298353531,0.97725848566061
8,AE08,16,adhawk,right,0.2,9,0.93321391735035,-10.0765395395707,-10.8660298353531,0.927343260809592
8,AE08,16,adhawk,left,0.2,9,0.969612733290142,-10.1484278285167,-10.8660298353531,0.933959135239839
8,AE08,17,eyelink,right,0.1,9,0.999080724863129,4.14683661531746,4.98897176530716,0.831200658250699
8,AE08,17,eyelink,left,0.1,9,0.998925254462754,4.1138702583214,4.98897176530716,0.824592812276243
8,AE08,17,adhawk,right,0.1,9,0.998371844140083,3.64225437021561,4.98897176530716,0.730061131141993
8,AE08,17,adhawk,left,0.1,9,0.997889512887453,3.18121602194183,4.98897176530716,0.637649634352255
8,AE08,18,eyelink,right,0.1,9,0.999363856128911,5.29626243871574,4.98897176530716,1.0615939892756
8,AE08,18,eyelink,left,0.1,9,0.99926129329904,5.27844174126413,4.98897176530716,1.05802197117448
8,AE08,18,adhawk,right,0.1,9,0.996837144144317,4.51245938952572,4.98897176530716,0.904486856571316
8,AE08,18,adhawk,left,0.1,9,0.998412498097779,5.0457702927735,4.98897176530716,1.01138481637866
8,AE08,19,eyelink,right,0.2,-9,0.996277779957391,9.56692153360106,10.8660298353531,0.880443149757849
8,AE08,19,eyelink,left,0.2,-9,0.995918518304683,9.33207814658718,10.8660298353531,0.858830528536269
8,AE08,19,adhawk,right,0.2,-9,0.936592680798703,8.50426683865835,10.8660298353531,0.782647109157508
8,AE08,19,adhawk,left,0.2,-9,0.932683122566478,9.03271485743313,10.8660298353531,0.831280145030045
8,AE08,20,eyelink,right,0.01,-9,0.993079647333581,-0.564705171320207,-0.565149628070223,0.999213559156832
8,AE08,20,eyelink,left,0.01,-9,0.987776360859041,-0.309840443144238,-0.565149628070223,0.548244973994284
8,AE08,20,adhawk,right,0.01,-9,0.990141325921968,-0.804305639794132,-0.565149628070223,1.42317290828013
8,AE08,20,adhawk,left,0.01,-9,0.9150958110645,0.173203695968155,-0.565149628070223,-0.306474051057207
8,AE08,21,eyelink,right,0.01,-9,0.994085599123176,-0.490117076628621,-0.565149628070223,0.867234184161439
8,AE08,21,eyelink,left,0.01,-9,0.991776833519171,-1.11809609354487,-0.565149628070223,1.97840720051918
8,AE08,21,adhawk,right,0.01,-9,0.954098825640924,-0.615662923792195,-0.565149628070223,1.08938039275449
8,AE08,21,adhawk,left,0.01,-9,0.990539560148695,-1.11777583896584,-0.565149628070223,1.97784052832633
8,AE08,22,eyelink,right,0.2,-9,0.945666544083786,10.3992432503855,10.8660298353531,0.957041661762341
8,AE08,22,eyelink,left,0.2,-9,0.989416613146583,10.1088445814062,10.8660298353531,0.930316291652042
8,AE08,22,adhawk,right,0.2,-9,0.976590448647808,9.36688357788304,10.8660298353531,0.862033670053754
8,AE08,22,adhawk,left,0.2,-9,0.992292270540345,10.2179164418776,10.8660298353531,0.940354167686264
8,AE08,23,eyelink,right,0.01,9,0.996044078466462,0.996702275033664,0.565149628070223,1.76360776956898
8,AE08,23,eyelink,left,0.01,9,0.995035075210355,0.798907905054769,0.565149628070223,1.41362192483917
8,AE08,23,adhawk,right,0.01,9,0.991577885428127,1.12514621683867,0.565149628070223,1.99088199116512
8,AE08,23,adhawk,left,0.01,9,0.977248800277999,-0.00900131421631152,0.565149628070223,-0.0159273115812669
8,AE08,24,eyelink,right,0.01,9,0.993815148102601,0.699812358960633,0.565149628070223,1.23827801382482
8,AE08,24,eyelink,left,0.01,9,0.991879108830023,0.303339670372124,0.565149628070223,0.536742227731648
8,AE08,24,adhawk,right,0.01,9,0.952291371946075,0.574884612049384,0.565149628070223,1.01722549833821
8,AE08,24,adhawk,left,0.01,9,0.865571585797274,-0.147521537056971,0.565149628070223,-0.261030937170927
8,AE08,25,eyelink,right,0.1,-9,0.999330886572801,-4.91101353828296,-4.98897176530716,0.984373888911075
8,AE08,25,eyelink,left,0.1,-9,0.99937284066491,-5.01067136268817,-4.98897176530716,1.00434951296616
8,AE08,25,adhawk,right,0.1,-9,0.994417133860122,-4.60377381022792,-4.98897176530716,0.922790111229357
8,AE08,25,adhawk,left,0.1,-9,0.998724212280464,-5.2429057801341,-4.98897176530716,1.05089906833965
8,AE08,26,eyelink,right,0.01,-9,0.996943489577792,-0.268845010717994,-0.565149628070223,0.475705896925032
8,AE08,26,eyelink,left,0.01,-9,0.993113883140162,-0.404496818439556,-0.565149628070223,0.715734025731845
8,AE08,26,adhawk,right,0.01,-9,0.911722153413049,-0.441288620518865,-0.565149628070223,0.780835018905882
8,AE08,26,adhawk,left,0.01,-9,0.66894386140927,-0.223310425091719,-0.565149628070223,0.395135047428486
8,AE08,27,eyelink,right,0.2,-9,0.993109242805763,12.2111877571393,10.8660298353531,1.12379479369822
8,AE08,27,eyelink,left,0.2,-9,0.990331030129899,12.3114187346793,10.8660298353531,1.13301904386674
8,AE08,27,adhawk,right,0.2,-9,0.990407152812726,10.8193874910872,10.8660298353531,0.995707508172471
8,AE08,27,adhawk,left,0.2,-9,0.987467859985331,12.6354853791217,10.8660298353531,1.16284287551021
8,AE08,28,eyelink,right,0.1,-9,0.999122646359088,-4.59840562255993,-4.98897176530716,0.921714100395758
8,AE08,28,eyelink,left,0.1,-9,0.99921810471899,-4.50571226201502,-4.98897176530716,0.903134448133645
8,AE08,28,adhawk,right,0.1,-9,0.997679923295791,-4.41993653551955,-4.98897176530716,0.885941380998661
8,AE08,28,adhawk,left,0.1,-9,0.998396273271296,-4.54154863619387,-4.98897176530716,0.910317566392211
8,AE08,29,eyelink,right,0.1,-9,0.999241564173384,-4.89129021927882,-4.98897176530716,0.980420505341881
8,AE08,29,eyelink,left,0.1,-9,0.998874838464893,-5.12097202309418,-4.98897176530716,1.02645840946725
8,AE08,29,adhawk,right,0.1,-9,0.998338031240878,-4.5810406821942,-4.98897176530716,0.918233435204089
8,AE08,29,adhawk,left,0.1,-9,0.998142894982568,-5.31282513518627,-4.98897176530716,1.06491385101258
8,AE08,30,eyelink,right,0.2,9,0.995510698688095,-9.38599103191872,-10.8660298353531,0.863792127772461
8,AE08,30,eyelink,left,0.2,9,0.992824401401164,-9.05652973967221,-10.8660298353531,0.833471827051899
8,AE08,30,adhawk,right,0.2,9,0.968566622569234,-8.95298441380999,-10.8660298353531,0.823942557628642
8,AE08,30,adhawk,left,0.2,9,0.99241957294359,-8.9040196857102,-10.8660298353531,0.819436336971998
9,AE09,1,eyelink,right,0.2,-9,0.996474117008845,9.98218754643796,10.8660298353531,0.918660053183405
9,AE09,1,eyelink,left,0.2,-9,0.995571612456289,9.57706091055977,10.8660298353531,0.881376275942145
9,AE09,1,adhawk,right,0.2,-9,0.968890578808655,10.0844846252746,10.8660298353531,0.928074446516268
9,AE09,1,adhawk,left,0.2,-9,0.904970210091367,9.04905262867064,10.8660298353531,0.832783709025825
9,AE09,2,eyelink,right,0.1,-9,0.999594260729639,-5.0137975046409,-4.98897176530716,1.00497612343817
9,AE09,2,eyelink,left,0.1,-9,0.999558348999173,-4.52553703158919,-4.98897176530716,0.907108166668602
9,AE09,2,adhawk,right,0.1,-9,0.998271807910646,-4.78227633431714,-4.98897176530716,0.958569532818895
9,AE09,2,adhawk,left,0.1,-9,0.998818502472012,-4.481804602463,-4.98897176530716,0.898342346539029
9,AE09,3,eyelink,right,0.1,-9,0.999427038848421,-5.35303048722152,-4.98897176530716,1.07297269638726
9,AE09,3,eyelink,left,0.1,-9,0.99953569464469,-5.00091119173507,-4.98897176530716,1.0023931637599
9,AE09,3,adhawk,right,0.1,-9,0.996255981211701,-5.41783284939709,-4.98897176530716,1.08596181823922
9,AE09,3,adhawk,left,0.1,-9,0.998845563296488,-4.58189708364146,-4.98897176530716,0.918405094112487
9,AE09,4,eyelink,right,0.2,9,0.99696607441603,-10.2042266311762,-10.8660298353531,0.939094295321762
9,AE09,4,eyelink,left,0.2,9,0.998211571263973,-10.2080497657879,-10.8660298353531,0.939446138144731
9,AE09,4,adhawk,right,0.2,9,0.990330981233174,-9.49860856446541,-10.8660298353531,0.874156311770953
9,AE09,4,adhawk,left,0.2,9,0.997252060713365,-9.81011638600658,-10.8660298353531,0.902824355781623
9,AE09,5,eyelink,right,0.01,9,0.995515214724157,-0.306852117729558,0.565149628070223,-0.542957302789607
9,AE09,5,eyelink,left,0.01,9,0.997117186761499,0.173231253197476,0.565149628070223,0.306522812001127
9,AE09,5,adhawk,right,0.01,9,0.875676699180456,-0.36774131800331,0.565149628070223,-0.650697266242588
9,AE09,5,adhawk,left,0.01,9,0.994141862717731,0.44387548249766,0.565149628070223,0.785412323482067
9,AE09,6,eyelink,right,0.1,9,0.999486113759349,5.15132834986498,4.98897176530716,1.0325430954905
9,AE09,6,eyelink,left,0.1,9,0.999217173944183,5.26962783506948,4.98897176530716,1.05625529326784
9,AE09,6,adhawk,right,0.1,9,0.999221280307245,4.41738606807031,4.98897176530716,0.885430159935641
9,AE09,6,adhawk,left,0.1,9,0.998691711956466,4.83764398924296,4.98897176530716,0.969667542094242
9,AE09,7,eyelink,right,0.01,-9,0.996225669120649,-1.18098732122548,-0.565149628070223,2.08968963716407
9,AE09,7,eyelink,left,0.01,-9,0.993555711498738,-0.344806900980564,-0.565149628070223,0.610116124747268
9,AE09,7,adhawk,right,0.01,-9,0.96541591181328,-2.52492669473023,-0.565149628070223,4.46771362718917
9,AE09,7,adhawk,left,0.01,-9,0.310746430064729,0.922772321695227,-0.565149628070223,-1.63279293812181
9,AE09,8,eyelink,right,0.2,9,0.997257956142412,-10.3298609217576,-10.8660298353531,0.950656410692794
9,AE09,8,eyelink,left,0.2,9,0.997018519073238,-9.78274788617068,-10.8660298353531,0.900305634569682
9,AE09,8,adhawk,right,0.2,9,0.979994379073932,-9.85269990649758,-10.8660298353531,0.906743314328236
9,AE09,8,adhawk,left,0.2,9,0.993177473752669,-9.41614713795679,-10.8660298353531,0.866567392197004
9,AE09,9,eyelink,right,0.1,9,0.999409309599447,4.7624467225729,4.98897176530716,0.95459484370918
9,AE09,9,eyelink,left,0.1,9,0.999279680657101,4.86096868156375,4.98897176530716,0.974342792510166
9,AE09,9,adhawk,right,0.1,9,0.999339390991759,4.36258895993235,4.98897176530716,0.874446512259176
9,AE09,9,adhawk,left,0.1,9,0.999013024249248,4.28376370422275,4.98897176530716,0.858646612115876
9,AE09,10,eyelink,right,0.01,9,0.99731291932967,0.603107570619795,0.565149628070223,1.06716441215609
9,AE09,10,eyelink,left,0.01,9,0.99299504725359,0.31506364395632,0.565149628070223,0.557487129615825
9,AE09,10,adhawk,right,0.01,9,0.993544593736692,0.413134317768077,0.565149628070223,0.731017587640954
9,AE09,10,adhawk,left,0.01,9,0.98446650617319,0.314590350494901,0.565149628070223,0.556649663858244
9,AE09,11,eyelink,right,0.01,-9,0.995693002494716,-0.246463825524361,-0.565149628070223,0.436103667564896
9,AE09,11,eyelink,left,0.01,-9,0.996561282253594,-0.448426724905079,-0.565149628070223,0.79346548707161
9,AE09,11,adhawk,right,0.01,-9,0.964688881992136,-0.610386627215707,-0.565149628070223,1.0800442872093
9,AE09,11,adhawk,left,0.01,-9,0.92533576106965,0.410073339932854,-0.565149628070223,-0.725601362126174
9,AE09,12,eyelink,right,0.2,9,0.99782019615306,-10.1719763270615,-10.8660298353531,0.936126301988104
9,AE09,12,eyelink,left,0.2,9,0.99785871585069,-10.0314428205401,-10.8660298353531,0.923193012769242
9,AE09,12,adhawk,right,0.2,9,0.989240941793551,-9.96866246923807,-10.8660298353531,0.917415341232046
9,AE09,12,adhawk,left,0.2,9,0.996088118784052,-9.70223551260463,-10.8660298353531,0.892896086207859
9,AE09,13,eyelink,right,0.01,9,0.996891666474388,0.405310048589645,0.565149628070223,0.717172990051554
9,AE09,13,eyelink,left,0.01,9,0.997047331677917,0.144807212083095,0.565149628070223,0.256228094102367
9,AE09,13,adhawk,right,0.01,9,0.994017024182085,0.535537992912744,0.565149628070223,0.947603902246929
9,AE09,13,adhawk,left,0.01,9,0.969786661751834,0.0357146297671035,0.565149628070223,0.0631949982680795
9,AE09,14,eyelink,right,0.2,-9,0.997856293109111,10.1758763558365,10.8660298353531,0.936485221375782
9,AE09,14,eyelink,left,0.2,-9,0.998350864105794,10.2083812283352,10.8660298353531,0.939476642620823
9,AE09,14,adhawk,right,0.2,-9,0.988270470317793,10.0748479806481,10.8660298353531,0.927187586754923
9,AE09,14,adhawk,left,0.2,-9,0.990182034548882,10.1389920504041,10.8660298353531,0.933090761210357
9,AE09,15,eyelink,right,0.1,9,0.998897921268787,4.90763933706274,4.98897176530716,0.98369755691744
9,AE09,15,eyelink,left,0.1,9,0.999263395551181,4.54070125225729,4.98897176530716,0.910147714972633
9,AE09,15,adhawk,right,0.1,9,0.992960447587706,4.68317419176136,4.98897176530716,0.93870529080315
9,AE09,15,adhawk,left,0.1,9,0.997843481537516,3.97647836288867,4.98897176530716,0.797053691612513
9,AE09,16,eyelink,right,0.2,9,0.997166990458833,-11.2858492113557,-10.8660298353531,1.03863594913358
9,AE09,16,eyelink,left,0.2,9,0.995837643451323,-10.4776679947851,-10.8660298353531,0.964259085751403
9,AE09,16,adhawk,right,0.2,9,0.979100734443043,-11.3056761828363,-10.8660298353531,1.04046062399468
9,AE09,16,adhawk,left,0.2,9,0.993963608574204,-10.0191488133352,-10.8660298353531,0.9220615961073
9,AE09,17,eyelink,right,0.1,9,0.999076488509365,4.75927951676916,4.98897176530716,0.953960002312449
9,AE09,17,eyelink,left,0.1,9,0.998851962469672,4.60247323568815,4.98897176530716,0.922529421331528
9,AE09,17,adhawk,right,0.1,9,0.99669566129005,4.22743024549344,4.98897176530716,0.84735501509361
9,AE09,17,adhawk,left,0.1,9,0.968985387928551,3.86782068852554,4.98897176530716,0.775274118691551
9,AE09,18,eyelink,right,0.1,9,0.999409329808638,5.06446918966397,4.98897176530716,1.01513286262348
9,AE09,18,eyelink,left,0.1,9,0.999139227006794,4.75069208469503,4.98897176530716,0.952238719355137
9,AE09,18,adhawk,right,0.1,9,0.999031230686945,3.94013428733019,4.98897176530716,0.78976880862095
9,AE09,18,adhawk,left,0.1,9,0.998161095844606,4.81424781380865,4.98897176530716,0.964977963452606
9,AE09,19,eyelink,right,0.2,-9,0.997033001833319,10.2798479915405,10.8660298353531,0.946053724065301
9,AE09,19,eyelink,left,0.2,-9,0.997874078422371,10.3121928235902,10.8660298353531,0.949030416798512
9,AE09,19,adhawk,right,0.2,-9,0.99028965384164,10.1056339196957,10.8660298353531,0.930020814669272
9,AE09,19,adhawk,left,0.2,-9,0.997417322698204,10.1172089798858,10.8660298353531,0.931086066685461
9,AE09,20,eyelink,right,0.01,-9,0.867156650847129,0.713716563938426,-0.565149628070223,-1.262880710681
9,AE09,20,eyelink,left,0.01,-9,0.969491976891908,0.0351419186810225,-0.565149628070223,-0.0621816186998462
9,AE09,20,adhawk,right,0.01,-9,0.96335137148369,-1.55885504376916,-0.565149628070223,2.75830499808001
9,AE09,20,adhawk,left,0.01,-9,0.721729918677803,0.671496134820972,-0.565149628070223,-1.18817407190709
9,AE09,21,eyelink,right,0.01,-9,0.997097155397421,-0.530035430232406,-0.565149628070223,0.937867431749501
9,AE09,21,eyelink,left,0.01,-9,0.998831954032101,-0.616459403427951,-0.565149628070223,1.09078971799545
9,AE09,21,adhawk,right,0.01,-9,0.932610726378558,0.0459969349681209,-0.565149628070223,-0.0813889502593914
9,AE09,21,adhawk,left,0.01,-9,0.994347095273374,-1.14974718528065,-0.565149628070223,2.03441200024604
9,AE09,22,eyelink,right,0.2,-9,0.991268412045201,10.7302297649007,10.8660298353531,0.987502328586421
9,AE09,22,eyelink,left,0.2,-9,0.986313694797742,10.9560840866541,10.8660298353531,1.00828768673247
9,AE09,22,adhawk,right,0.2,-9,0.960437215744472,10.7194649503256,10.8660298353531,0.986511643420064
9,AE09,22,adhawk,left,0.2,-9,0.941722462320093,10.8208515168108,10.8660298353531,0.99584224236203
9,AE09,23,eyelink,right,0.01,9,0.985987281344513,0.560763244046314,0.565149628070223,0.99223854390759
9,AE09,23,eyelink,left,0.01,9,0.976616347905534,0.339498662020593,0.565149628070223,0.600723498978236
9,AE09,23,adhawk,right,0.01,9,0.898712213261094,0.176952533350077,0.565149628070223,0.313107404766954
9,AE09,23,adhawk,left,0.01,9,0.124582436538911,0.276514177933024,0.565149628070223,0.489276050445646
9,AE09,24,eyelink,right,0.01,9,0.99770078888359,0.50529607950503,0.565149628070223,0.894092563115416
9,AE09,24,eyelink,left,0.01,9,0.993359153419867,0.279951858728497,0.565149628070223,0.495358830340964
9,AE09,24,adhawk,right,0.01,9,0.993134708407054,1.04343266147917,0.565149628070223,1.84629452034164
9,AE09,24,adhawk,left,0.01,9,0.993768809049774,0.336345928302358,0.565149628070223,0.59514491666721
9,AE09,25,eyelink,right,0.1,-9,0.999200669527463,-5.09612425575144,-4.98897176530716,1.02147787068859
9,AE09,25,eyelink,left,0.1,-9,0.998662874423649,-5.24443811592275,-4.98897176530716,1.05120621294995
9,AE09,25,adhawk,right,0.1,-9,0.998152361603157,-5.01989361190498,-4.98897176530716,1.00619804000753
9,AE09,25,adhawk,left,0.1,-9,0.998364707017019,-5.14644066096767,-4.98897176530716,1.03156339684172
9,AE09,26,eyelink,right,0.01,-9,0.99269526379781,-0.800340439424548,-0.565149628070223,1.41615671261682
9,AE09,26,eyelink,left,0.01,-9,0.991902307191888,-0.498152833532972,-0.565149628070223,0.881452997207093
9,AE09,26,adhawk,right,0.01,-9,0.0298885096990991,0.140393886814504,-0.565149628070223,-0.248418967015685
9,AE09,26,adhawk,left,0.01,-9,0.940907956847705,-0.0719519345856627,-0.565149628070223,0.127314840197899
9,AE09,27,eyelink,right,0.2,-9,0.995993095785273,10.5625938338941,10.8660298353531,0.972074805052369
9,AE09,27,eyelink,left,0.2,-9,0.995387971676159,10.051171178851,10.8660298353531,0.925008612266927
9,AE09,27,adhawk,right,0.2,-9,0.682736798168902,8.22716061719147,10.8660298353531,0.757145042103974
9,AE09,27,adhawk,left,0.2,-9,0.721781638714107,8.13540163941776,10.8660298353531,0.748700469508087
9,AE09,28,eyelink,right,0.1,-9,0.999323793840675,-5.06946798334768,-4.98897176530716,1.01613483134947
9,AE09,28,eyelink,left,0.1,-9,0.999607424092525,-4.99668108983551,-4.98897176530716,1.00154527323284
9,AE09,28,adhawk,right,0.1,-9,0.785591071790665,-5.20406807662749,-4.98897176530716,1.04311435731429
9,AE09,28,adhawk,left,0.1,-9,0.860468605257696,-5.42574809312795,-4.98897176530716,1.08754836635038
9,AE09,29,eyelink,right,0.1,-9,0.998043592445951,-4.4809910025385,-4.98897176530716,0.89817926685793
9,AE09,29,eyelink,left,0.1,-9,0.999109641140761,-4.6026861430733,-4.98897176530716,0.922572096935874
9,AE09,29,adhawk,right,0.1,-9,0.842335471527686,-4.73597733748442,-4.98897176530716,0.949289264456848
9,AE09,29,adhawk,left,0.1,-9,0.84898304617775,-5.23054489218364,-4.98897176530716,1.04842142594519
9,AE09,30,eyelink,right,0.2,9,0.99196847974797,-9.91101594059062,-10.8660298353531,0.912110135050861
9,AE09,30,eyelink,left,0.2,9,0.995895243104714,-9.39759311543284,-10.8660298353531,0.864859866743357
9,AE09,30,adhawk,right,0.2,9,0.685756058296782,-10.0884470432407,-10.8660298353531,0.928439107577035
9,AE09,30,adhawk,left,0.2,9,0.790554613910546,-10.0945883446974,-10.8660298353531,0.929004291139919
10,AE10,1,eyelink,right,0.2,-9,0.904355589084758,10.0311064536281,10.8660298353531,0.923162056944798
10,AE10,1,eyelink,left,0.2,-9,0.920347375215109,9.78085671643226,10.8660298353531,0.900131590344966
10,AE10,1,adhawk,right,0.2,-9,0.976648653958501,9.64823086019344,10.8660298353531,0.887926041653455
10,AE10,1,adhawk,left,0.2,-9,0.978691085756275,10.7084246144872,10.8660298353531,0.985495602050244
10,AE10,2,eyelink,right,0.1,-9,0.916843187619241,-4.55219948388453,-4.98897176530716,0.912452444718188
10,AE10,2,eyelink,left,0.1,-9,0.943888049324893,-4.58912905715464,-4.98897176530716,0.919854686103259
10,AE10,2,adhawk,right,0.1,-9,0.988007204253473,-6.01778839209883,-4.98897176530716,1.2062181698333
10,AE10,2,adhawk,left,0.1,-9,0.993735685327087,-3.78310309753316,-4.98897176530716,0.758293146463666
10,AE10,3,eyelink,right,0.1,-9,0.925025557066486,-4.66298569468346,-4.98897176530716,0.934658665961877
10,AE10,3,eyelink,left,0.1,-9,0.999521410080875,-4.18642856177209,-4.98897176530716,0.839136551319878
10,AE10,3,adhawk,right,0.1,-9,0.980633875382508,-5.0193495601169,-4.98897176530716,1.00608898912216
10,AE10,3,adhawk,left,0.1,-9,0.962098048589192,-4.6368271745414,-4.98897176530716,0.929415397133626
10,AE10,4,eyelink,right,0.2,9,0.997201927817201,-9.63808250455856,-10.8660298353531,0.886992089162191
10,AE10,4,eyelink,left,0.2,9,0.997176010915622,-9.61322346740502,-10.8660298353531,0.884704313633298
10,AE10,4,adhawk,right,0.2,9,0.991354585793578,-9.43198279229248,-10.8660298353531,0.868024746407846
10,AE10,4,adhawk,left,0.2,9,0.98389416215162,-10.7932138497504,-10.8660298353531,0.993298749708394
10,AE10,5,eyelink,right,0.01,9,0.826535686390989,0.654212553360157,0.565149628070223,1.15759176130762
10,AE10,5,eyelink,left,0.01,9,0.585467105507983,0.595482170309482,0.565149628070223,1.05367170167453
10,AE10,5,adhawk,right,0.01,9,0.908446461226475,0.380916837444637,0.565149628070223,0.674010595645842
10,AE10,5,adhawk,left,0.01,9,0.92274500053659,0.841470309299121,0.565149628070223,1.48893366907527
10,AE10,6,eyelink,right,0.1,9,0.998745722382741,4.60974433947827,4.98897176530716,0.923986856677361
10,AE10,6,eyelink,left,0.1,9,0.92289688971872,4.39026565731347,4.98897176530716,0.879994087728249
10,AE10,6,adhawk,right,0.1,9,0.994852906494933,4.60465896072567,4.98897176530716,0.92296753265794
10,AE10,6,adhawk,left,0.1,9,0.997218269096108,4.95866355308072,4.98897176530716,0.99392495815727
10,AE10,7,eyelink,right,0.01,-9,0.995434750062731,-0.696510832000254,-0.565149628070223,1.23243615036708
10,AE10,7,eyelink,left,0.01,-9,0.999124770093254,-0.642706924147143,-0.565149628070223,1.13723320732201
10,AE10,7,adhawk,right,0.01,-9,0.986265996290289,-0.182155420120205,-0.565149628070223,0.322313615851076
10,AE10,7,adhawk,left,0.01,-9,0.997337648213967,-0.961034994547286,-0.565149628070223,1.70049655314977
10,AE10,8,eyelink,right,0.2,9,0.998019162848409,-9.85567325500127,-10.8660298353531,0.907016951392439
10,AE10,8,eyelink,left,0.2,9,0.997564911993122,-9.46716016026113,-10.8660298353531,0.871262117232487
10,AE10,8,adhawk,right,0.2,9,0.958141492581335,-10.0993871403636,-10.8660298353531,0.929445923984562
10,AE10,8,adhawk,left,0.2,9,0.985784566415206,-10.2316701116783,-10.8660298353531,0.941619916999409
10,AE10,9,eyelink,right,0.1,9,0.986933335152914,4.60576747989518,4.98897176530716,0.923189726573169
10,AE10,9,eyelink,left,0.1,9,0.96059703551261,4.40790397430327,4.98897176530716,0.883529549105773
10,AE10,9,adhawk,right,0.1,9,0.942292438169023,4.05535725290525,4.98897176530716,0.81286434232918
10,AE10,9,adhawk,left,0.1,9,0.994619112401989,5.32968836711766,4.98897176530716,1.06829395270982
10,AE10,10,eyelink,right,0.01,9,0.985245155001095,0.290256960409307,0.565149628070223,0.513593119401718
10,AE10,10,eyelink,left,0.01,9,0.99562845977643,0.306964067848861,0.565149628070223,0.54315539213399
10,AE10,10,adhawk,right,0.01,9,0.989747175242206,0.288194950774668,0.565149628070223,0.509944511082396
10,AE10,10,adhawk,left,0.01,9,0.948477051077551,0.658856643515694,0.565149628070223,1.16580921368637
10,AE10,11,eyelink,right,0.01,-9,0.996445421190251,-0.187070958256675,-0.565149628070223,0.331011379933936
10,AE10,11,eyelink,left,0.01,-9,0.997299329943265,-0.600617116473477,-0.565149628070223,1.06275769573513
10,AE10,11,adhawk,right,0.01,-9,0.968676822891101,-0.0617205382697874,-0.565149628070223,0.109210968572235
10,AE10,11,adhawk,left,0.01,-9,0.993132185849188,-0.208791746802512,-0.565149628070223,0.369445075130738
10,AE10,12,eyelink,right,0.2,9,0.997708259652573,-9.37619768871441,-10.8660298353531,0.862890847051471
10,AE10,12,eyelink,left,0.2,9,0.99767190833345,-9.108851562894,-10.8660298353531,0.8382870009484
10,AE10,12,adhawk,right,0.2,9,0.438706661621628,-8.2801970140021,-10.8660298353531,0.762025978160128
10,AE10,12,adhawk,left,0.2,9,0.455512784072051,-8.12998835711847,-10.8660298353531,0.748202285499639
10,AE10,13,eyelink,right,0.01,9,0.597432867261141,0.38747885814908,0.565149628070223,0.68562171662782
10,AE10,13,eyelink,left,0.01,9,0.440873144398752,0.242665894199587,0.565149628070223,0.429383444926261
10,AE10,13,adhawk,right,0.01,9,0.813899549375497,-0.15321195608328,0.565149628070223,-0.271099808747007
10,AE10,13,adhawk,left,0.01,9,0.928090889048356,0.68527924651059,0.565149628070223,1.21256250110358
10,AE10,14,eyelink,right,0.2,-9,0.930859728796889,9.71855074209798,10.8660298353531,0.89439757568843
10,AE10,14,eyelink,left,0.2,-9,0.824000118275614,9.04390782732503,10.8660298353531,0.832310233301612
10,AE10,14,adhawk,right,0.2,-9,0.932076505240751,11.4797902620753,10.8660298353531,1.05648433107787
10,AE10,14,adhawk,left,0.2,-9,0.911019572971552,10.3203309245691,10.8660298353531,0.94977936568805
10,AE10,15,eyelink,right,0.1,9,0.996341459110963,4.64250919585795,4.98897176530716,0.93055431344421
10,AE10,15,eyelink,left,0.1,9,0.876452954420837,4.10413645772991,4.98897176530716,0.822641748800763
10,AE10,15,adhawk,right,0.1,9,0.902914517517451,3.82370672750446,4.98897176530716,0.766431823506029
10,AE10,15,adhawk,left,0.1,9,0.964903448215253,4.66625882150909,4.98897176530716,0.935314738391149
10,AE10,16,eyelink,right,0.2,9,0.985898926160096,-11.3125059570209,-10.8660298353531,1.04108916765672
10,AE10,16,eyelink,left,0.2,9,0.926215597686436,-10.3740027467942,-10.8660298353531,0.954718779902656
10,AE10,16,adhawk,right,0.2,9,0.909276321873722,-11.9279813985041,-10.8660298353531,1.09773133142851
10,AE10,16,adhawk,left,0.2,9,0.964711901523342,-11.5594889183474,-10.8660298353531,1.06381899309148
10,AE10,17,eyelink,right,0.1,9,0.878519505342632,4.56571930797473,4.98897176530716,0.915162386711488
10,AE10,17,eyelink,left,0.1,9,0.840351467514888,4.01830184802161,4.98897176530716,0.805436878990678
10,AE10,17,adhawk,right,0.1,9,0.949046259990197,4.37209283936565,4.98897176530716,0.876351489853835
10,AE10,17,adhawk,left,0.1,9,0.976653867569865,4.47016640971853,4.98897176530716,0.896009562692587
10,AE10,18,eyelink,right,0.1,9,0.829697639824782,4.89071221802589,4.98897176530716,0.980304649554331
10,AE10,18,eyelink,left,0.1,9,0.827148249670429,4.24380390803547,4.98897176530716,0.85063698647214
10,AE10,18,adhawk,right,0.1,9,0.91586620052223,5.81388620931255,4.98897176530716,1.16534758720059
10,AE10,18,adhawk,left,0.1,9,0.95823175305552,4.72379617510622,4.98897176530716,0.946847646634334
10,AE10,19,eyelink,right,0.2,-9,0.887134112182795,9.53537327971421,10.8660298353531,0.877539766059766
10,AE10,19,eyelink,left,0.2,-9,0.913245259345452,9.39811496617593,10.8660298353531,0.864907892632389
10,AE10,19,adhawk,right,0.2,-9,0.85930530829481,11.1381995761253,10.8660298353531,1.02504776306491
10,AE10,19,adhawk,left,0.2,-9,0.932310102403596,10.108530147421,10.8660298353531,0.93028735431339
10,AE10,20,eyelink,right,0.01,-9,0.344226477199823,-0.681442142281071,-0.565149628070223,1.20577296424655
10,AE10,20,eyelink,left,0.01,-9,0.522045778317184,-0.088891827316796,-0.565149628070223,0.157289013212888
10,AE10,20,adhawk,right,0.01,-9,0.642864283208658,-1.23579771087466,-0.565149628070223,2.18667349228284
10,AE10,20,adhawk,left,0.01,-9,0.859916886287758,0.131410403356691,-0.565149628070223,-0.232523205943546
10,AE10,21,eyelink,right,0.01,-9,0.639460059184192,-0.51990556376633,-0.565149628070223,0.919943211396273
10,AE10,21,eyelink,left,0.01,-9,0.405860327853476,-0.456177327514651,-0.565149628070223,0.807179735873361
10,AE10,21,adhawk,right,0.01,-9,0.70022410292537,0.0215842781105661,-0.565149628070223,-0.0381921477755696
10,AE10,21,adhawk,left,0.01,-9,0.654689746050025,-0.659589711639005,-0.565149628070223,1.1671063358765
10,AE10,22,eyelink,right,0.2,-9,0.991000508434188,8.51029672886296,10.8660298353531,0.783202039550299
10,AE10,22,eyelink,left,0.2,-9,0.935990098494355,7.98038109837451,10.8660298353531,0.734433939469775
10,AE10,22,adhawk,right,0.2,-9,0.932368770429639,8.58535048303828,10.8660298353531,0.790109231534176
10,AE10,22,adhawk,left,0.2,-9,0.909017941476943,8.84756900189177,10.8660298353531,0.814241184310557
10,AE10,23,eyelink,right,0.01,9,0.211064665526552,0.406992033471675,0.565149628070223,0.720149166268413
10,AE10,23,eyelink,left,0.01,9,0.537750568537866,0.470920846084847,0.565149628070223,0.833267550211203
10,AE10,23,adhawk,right,0.01,9,0.727361559670729,0.317492201059677,0.565149628070223,0.561784322753243
10,AE10,23,adhawk,left,0.01,9,0.699606731459764,-0.150919144254409,0.565149628070223,-0.2670428091225
10,AE10,24,eyelink,right,0.01,9,0.528347291029956,0.674232827197677,0.565149628070223,1.1930164928179
10,AE10,24,eyelink,left,0.01,9,0.578037441439176,0.423309654122706,0.565149628070223,0.749022264365902
10,AE10,24,adhawk,right,0.01,9,0.544002700983848,0.0169067492522721,0.565149628070223,0.0299155275214501
10,AE10,24,adhawk,left,0.01,9,0.938182057098718,0.801322699425766,0.565149628070223,1.41789476560745
10,AE10,25,eyelink,right,0.1,-9,0.595881492852537,-4.84747096472903,-4.98897176530716,0.971637281741679
10,AE10,25,eyelink,left,0.1,-9,0.60743843018162,-4.41791082897682,-4.98897176530716,0.885535344116108
10,AE10,25,adhawk,right,0.1,-9,0.726147263731242,-5.47092254114733,-4.98897176530716,1.09660322778165
10,AE10,25,adhawk,left,0.1,-9,0.420714826453066,-4.1147669247903,-4.98897176530716,0.824772541990316
10,AE10,26,eyelink,right,0.01,-9,0.442398147757981,-0.895374963510958,-0.565149628070223,1.58431487705005
10,AE10,26,eyelink,left,0.01,-9,0.286581734762717,-0.419546669826131,-0.565149628070223,0.742363878498385
10,AE10,26,adhawk,right,0.01,-9,0.683423866243542,-0.354172586744073,-0.565149628070223,0.626688170977731
10,AE10,26,adhawk,left,0.01,-9,0.949179753350911,-1.23209959185864,-0.565149628070223,2.18012988182581
10,AE10,27,eyelink,right,0.2,-9,0.989539193949253,5.98755899832683,10.8660298353531,0.551034654703969
10,AE10,27,eyelink,left,0.2,-9,0.988099254312383,5.5131027341234,10.8660298353531,0.507370476398498
10,AE10,27,adhawk,right,0.2,-9,0.988530322090108,8.16543975554851,10.8660298353531,0.751464875329339
10,AE10,27,adhawk,left,0.2,-9,0.987913197900475,5.72449697754268,10.8660298353531,0.526825074501247
10,AE10,28,eyelink,right,0.1,-9,0.749397292237283,-4.09997086580736,-4.98897176530716,0.821806788789259
10,AE10,28,eyelink,left,0.1,-9,0.560973140221172,-4.04316458899346,-4.98897176530716,0.810420419115065
10,AE10,28,adhawk,right,0.1,-9,0.908847301967685,-3.72497002401064,-4.98897176530716,0.746640830864936
10,AE10,28,adhawk,left,0.1,-9,0.976121952382796,-4.12987344113943,-4.98897176530716,0.827800523919213
10,AE10,29,eyelink,right,0.1,-9,0.914322041781697,-4.50904720345311,-4.98897176530716,0.903802910813928
10,AE10,29,eyelink,left,0.1,-9,0.994731110543366,-4.62035811766223,-4.98897176530716,0.926114304713402
10,AE10,29,adhawk,right,0.1,-9,0.955628083284526,-4.69641870645026,-4.98897176530716,0.941360049200662
10,AE10,29,adhawk,left,0.1,-9,0.992328626253391,-5.79917801806793,-4.98897176530716,1.16239944639392
10,AE10,30,eyelink,right,0.2,9,0.968308104786568,-10.0385021000901,-10.8660298353531,0.923842677794736
10,AE10,30,eyelink,left,0.2,9,0.93877792841851,-9.76275092433917,-10.8660298353531,0.898465315507934
10,AE10,30,adhawk,right,0.2,9,0.918387121240184,-10.7143569376785,-10.8660298353531,0.986041553357316
10,AE10,30,adhawk,left,0.2,9,0.972071030457295,-10.9444163230122,-10.8660298353531,1.00721390322379
11,AE11,1,eyelink,right,0.2,-9,0.997066982665665,9.56569571540719,10.8660298353531,0.88033033779134
11,AE11,1,eyelink,left,0.2,-9,0.997912312682314,9.27631421562738,10.8660298353531,0.853698577694538
11,AE11,1,adhawk,right,0.2,-9,0.995577371097759,8.60661564274077,10.8660298353531,0.792066262761285
11,AE11,1,adhawk,left,0.2,-9,0.996694903509886,8.36457426891302,10.8660298353531,0.769791211293981
11,AE11,2,eyelink,right,0.1,-9,0.999484329632177,-4.0648216437337,-4.98897176530716,0.814761404744778
11,AE11,2,eyelink,left,0.1,-9,0.999176341626735,-3.88091875451086,-4.98897176530716,0.777899522602714
11,AE11,2,adhawk,right,0.1,-9,0.998401062296212,-3.62016927503689,-4.98897176530716,0.725634348185974
11,AE11,2,adhawk,left,0.1,-9,0.998694150230941,-3.52451824742252,-4.98897176530716,0.706461854912005
11,AE11,3,eyelink,right,0.1,-9,0.99942089190411,-4.76390543305468,-4.98897176530716,0.954887230708025
11,AE11,3,eyelink,left,0.1,-9,0.999538565602305,-4.44310517943573,-4.98897176530716,0.890585352743959
11,AE11,3,adhawk,right,0.1,-9,0.993700626729831,-4.16633565304784,-4.98897176530716,0.835109086409376
11,AE11,3,adhawk,left,0.1,-9,0.997070178691577,-4.5909932147513,-4.98897176530716,0.920228341775079
11,AE11,4,eyelink,right,0.2,9,0.997908230771638,-9.92104285110642,-10.8660298353531,0.913032910955928
11,AE11,4,eyelink,left,0.2,9,0.998013905139488,-9.76892237621208,-10.8660298353531,0.899033273811604
11,AE11,4,adhawk,right,0.2,9,0.997170419868688,-9.67688712527312,-10.8660298353531,0.890563275814772
11,AE11,4,adhawk,left,0.2,9,0.996829191772373,-9.37328071844404,-10.8660298353531,0.862622398472315
11,AE11,5,eyelink,right,0.01,9,0.997435649413576,0.637127883271654,0.565149628070223,1.12736141302474
11,AE11,5,eyelink,left,0.01,9,0.998361386898143,0.628693349585156,0.565149628070223,1.11243698723099
11,AE11,5,adhawk,right,0.01,9,0.992399416523138,0.707457310370938,0.565149628070223,1.25180531886156
11,AE11,5,adhawk,left,0.01,9,0.993898609341337,0.406978301251509,0.565149628070223,0.720124867888863
11,AE11,6,eyelink,right,0.1,9,0.999199574711594,4.74558235836159,4.98897176530716,0.951214515055372
11,AE11,6,eyelink,left,0.1,9,0.99895580855496,4.61307363560204,4.98897176530716,0.924654187798961
11,AE11,6,adhawk,right,0.1,9,0.997169961597665,4.24795423070067,4.98897176530716,0.851468885881565
11,AE11,6,adhawk,left,0.1,9,0.99892837100463,4.14725908198469,4.98897176530716,0.831285338358565
11,AE11,7,eyelink,right,0.01,-9,0.998475270032752,-0.465813543002568,-0.565149628070223,0.824230469005437
11,AE11,7,eyelink,left,0.01,-9,0.99667129959876,-0.497597834306637,-0.565149628070223,0.880470957763433
11,AE11,7,adhawk,right,0.01,-9,0.920290505584259,-0.0309059606663993,-0.565149628070223,0.0546863328423868
11,AE11,7,adhawk,left,0.01,-9,0.917247832322098,-0.156012027998754,-0.565149628070223,0.276054376133056
11,AE11,8,eyelink,right,0.2,9,0.997097472785006,-10.3014896539815,-10.8660298353531,0.94804540481429
11,AE11,8,eyelink,left,0.2,9,0.998158655375665,-10.098623850959,-10.8660298353531,0.929375678511635
11,AE11,8,adhawk,right,0.2,9,0.989158731364709,-9.07532452156678,-10.8660298353531,0.835201509574343
11,AE11,8,adhawk,left,0.2,9,0.978203739895339,-9.80585831140988,-10.8660298353531,0.902432485460888
11,AE11,9,eyelink,right,0.1,9,0.999434490385132,4.34807442728702,4.98897176530716,0.871537188789706
11,AE11,9,eyelink,left,0.1,9,0.999291799539613,4.41079118670691,4.98897176530716,0.884108268036139
11,AE11,9,adhawk,right,0.1,9,0.998743367673079,4.02294243972668,4.98897176530716,0.806367048958232
11,AE11,9,adhawk,left,0.1,9,0.997298776664739,3.99559581177494,4.98897176530716,0.80088563330022
11,AE11,10,eyelink,right,0.01,9,0.996177254206434,0.450580828711827,0.565149628070223,0.79727705077042
11,AE11,10,eyelink,left,0.01,9,0.997119695423424,0.672446670968309,0.565149628070223,1.18985599134952
11,AE11,10,adhawk,right,0.01,9,0.809870920083117,0.708846198962617,0.565149628070223,1.2542628779268
11,AE11,10,adhawk,left,0.01,9,0.992832968866396,0.225674453955749,0.565149628070223,0.399318061530615
11,AE11,11,eyelink,right,0.01,-9,0.997188170399803,-0.333005307370461,-0.565149628070223,0.589233878658916
11,AE11,11,eyelink,left,0.01,-9,0.997428070637676,-0.359207412410115,-0.565149628070223,0.63559700753352
11,AE11,11,adhawk,right,0.01,-9,0.976384431051558,0.0355472613798355,-0.565149628070223,-0.0628988494626039
11,AE11,11,adhawk,left,0.01,-9,0.994480842269943,-0.536993902837436,-0.565149628070223,0.95018005173439
11,AE11,12,eyelink,right,0.2,9,0.965994549910275,-10.3981866666061,-10.8660298353531,0.956944424427693
11,AE11,12,eyelink,left,0.2,9,0.971741042390287,-9.8743909230586,-10.8660298353531,0.908739537133592
11,AE11,12,adhawk,right,0.2,9,0.612475728742652,-8.48741468885077,-10.8660298353531,0.78109620693628
11,AE11,12,adhawk,left,0.2,9,0.968280622358052,-9.30942216770877,-10.8660298353531,0.856745500313293
11,AE11,13,eyelink,right,0.01,9,0.996668554419478,0.594046917255677,0.565149628070223,1.05113210334072
11,AE11,13,eyelink,left,0.01,9,0.994564545042592,0.696769216067827,0.565149628070223,1.23289334622237
11,AE11,13,adhawk,right,0.01,9,0.987844416249766,0.817338072695878,0.565149628070223,1.44623305422103
11,AE11,13,adhawk,left,0.01,9,0.988894209954675,0.202077587971364,0.565149628070223,0.357564754419789
11,AE11,14,eyelink,right,0.2,-9,0.996329606689455,9.84533434010969,10.8660298353531,0.906065461745508
11,AE11,14,eyelink,left,0.2,-9,0.996092430269467,9.92965898370195,10.8660298353531,0.913825853063219
11,AE11,14,adhawk,right,0.2,-9,0.995040328497624,9.37218664349559,10.8660298353531,0.862521710827883
11,AE11,14,adhawk,left,0.2,-9,0.995582703851427,9.38112532402877,10.8660298353531,0.863344337000333
11,AE11,15,eyelink,right,0.1,9,0.999372511492991,4.79001375989775,4.98897176530716,0.960120438685793
11,AE11,15,eyelink,left,0.1,9,0.999225527497501,4.81511489160776,4.98897176530716,0.965151762351435
11,AE11,15,adhawk,right,0.1,9,0.998259567569037,4.28214284285733,4.98897176530716,0.858321723252664
11,AE11,15,adhawk,left,0.1,9,0.998035377372769,4.40239054466833,4.98897176530716,0.882424425666655
11,AE11,16,eyelink,right,0.2,9,0.997379706905296,-10.025907345206,-10.8660298353531,0.922683583343959
11,AE11,16,eyelink,left,0.2,9,0.997658985994788,-9.5058851198294,-10.8660298353531,0.874825972675096
11,AE11,16,adhawk,right,0.2,9,0.704304518503679,-8.26352095232898,-10.8660298353531,0.760491281318153
11,AE11,16,adhawk,left,0.2,9,0.989739979015625,-8.40841246008742,-10.8660298353531,0.773825637099787
11,AE11,17,eyelink,right,0.1,9,0.999147014775572,4.58507013771765,4.98897176530716,0.919041107749255
11,AE11,17,eyelink,left,0.1,9,0.998677550187158,4.63547430934951,4.98897176530716,0.92914422598744
11,AE11,17,adhawk,right,0.1,9,0.998266122869573,3.902903451986,4.98897176530716,0.782306181631738
11,AE11,17,adhawk,left,0.1,9,0.996054595727026,4.37870311882961,4.98897176530716,0.877676468181019
11,AE11,18,eyelink,right,0.1,9,0.999533285887502,4.66725064299295,4.98897176530716,0.935513541176676
11,AE11,18,eyelink,left,0.1,9,0.999389293653198,4.72288818749441,4.98897176530716,0.946665647686549
11,AE11,18,adhawk,right,0.1,9,0.998691632469251,4.19828082626338,4.98897176530716,0.841512244157771
11,AE11,18,adhawk,left,0.1,9,0.998108313825578,4.36428218193629,4.98897176530716,0.874785905241056
11,AE11,19,eyelink,right,0.2,-9,0.995707095897172,9.5859250622516,10.8660298353531,0.882192043230302
11,AE11,19,eyelink,left,0.2,-9,0.994419102675535,10.2061182833153,10.8660298353531,0.939268383941778
11,AE11,19,adhawk,right,0.2,-9,0.991011075426357,8.83361760616344,10.8660298353531,0.812957238293499
11,AE11,19,adhawk,left,0.2,-9,0.995749772800393,9.83627629662984,10.8660298353531,0.905231850609049
11,AE11,20,eyelink,right,0.01,-9,0.995445982539716,-0.681614173018612,-0.565149628070223,1.20607736281465
11,AE11,20,eyelink,left,0.01,-9,0.994960954484345,-0.401960177688491,-0.565149628070223,0.711245584750778
11,AE11,20,adhawk,right,0.01,-9,0.944300752360861,-0.731719873566553,-0.565149628070223,1.29473653918008
11,AE11,20,adhawk,left,0.01,-9,0.685089519460436,0.0851104840382042,-0.565149628070223,-0.150598142174887
11,AE11,21,eyelink,right,0.01,-9,0.998206183771372,-0.430293005912806,-0.565149628070223,0.761378906648311
11,AE11,21,eyelink,left,0.01,-9,0.995238156251461,-0.334086736001063,-0.565149628070223,0.591147404877264
11,AE11,21,adhawk,right,0.01,-9,0.968583884062068,-0.100856144134646,-0.565149628070223,0.178459188726767
11,AE11,21,adhawk,left,0.01,-9,0.992761688371645,-0.274641623997731,-0.565149628070223,0.485962673169458
11,AE11,22,eyelink,right,0.2,-9,0.99750628504706,10.0832684126717,10.8660298353531,0.92796251855165
11,AE11,22,eyelink,left,0.2,-9,0.996753775708083,11.0764936101419,10.8660298353531,1.01936896713683
11,AE11,22,adhawk,right,0.2,-9,0.971418660766133,9.83645320708489,10.8660298353531,0.905248131666411
11,AE11,22,adhawk,left,0.2,-9,0.989929006702833,10.4735616996382,10.8660298353531,0.963881183683297
11,AE11,23,eyelink,right,0.01,9,0.997328259176316,0.412647979563332,0.565149628070223,0.730157039954838
11,AE11,23,eyelink,left,0.01,9,0.993626936372706,0.790822857065377,0.565149628070223,1.39931589403278
11,AE11,23,adhawk,right,0.01,9,0.981899608443505,-0.171925367951114,0.565149628070223,-0.304212122616403
11,AE11,23,adhawk,left,0.01,9,0.978295792917173,0.991940849841499,0.565149628070223,1.75518269954208
11,AE11,24,eyelink,right,0.01,9,0.993428378513638,0.782093099482416,0.565149628070223,1.38386908640987
11,AE11,24,eyelink,left,0.01,9,0.994875898265913,0.820704919205826,0.565149628070223,1.45219049689235
11,AE11,24,adhawk,right,0.01,9,0.982328538798108,0.56236849612185,0.565149628070223,0.99507894580437
11,AE11,24,adhawk,left,0.01,9,0.980658605685579,1.1680174998621,0.565149628070223,2.06674027876556
11,AE11,25,eyelink,right,0.1,-9,0.999385262247655,-4.51943385127653,-4.98897176530716,0.905884832362501
11,AE11,25,eyelink,left,0.1,-9,0.999488440637869,-4.31833753685469,-4.98897176530716,0.865576663889742
11,AE11,25,adhawk,right,0.1,-9,0.995569400253465,-3.63432911667148,-4.98897176530716,0.7284725766428
11,AE11,25,adhawk,left,0.1,-9,0.999401812962234,-3.83308473002064,-4.98897176530716,0.768311570066511
11,AE11,26,eyelink,right,0.01,-9,0.990149520115533,-1.19326310125295,-0.565149628070223,2.11141092904458
11,AE11,26,eyelink,left,0.01,-9,0.993140524679318,-0.545320642068359,-0.565149628070223,0.964913741393457
11,AE11,26,adhawk,right,0.01,-9,0.952328698322915,0.00296204628477489,-0.565149628070223,-0.00524117178469919
11,AE11,26,adhawk,left,0.01,-9,0.735993215940986,-0.46456837789797,-0.565149628070223,0.822027220444786
11,AE11,27,eyelink,right,0.2,-9,0.999128654381862,9.85485876980934,10.8660298353531,0.906941994374625
11,AE11,27,eyelink,left,0.2,-9,0.998501287514331,10.2496852381843,10.8660298353531,0.94327784788852
11,AE11,27,adhawk,right,0.2,-9,0.927591462410247,9.12711682808308,10.8660298353531,0.839967952083805
11,AE11,27,adhawk,left,0.2,-9,0.950066382542942,9.32250490519032,10.8660298353531,0.857949503769917
11,AE11,28,eyelink,right,0.1,-9,0.999499561853523,-4.62272832371149,-4.98897176530716,0.926589393802046
11,AE11,28,eyelink,left,0.1,-9,0.999480938094291,-4.65547665524297,-4.98897176530716,0.933153538293544
11,AE11,28,adhawk,right,0.1,-9,0.998999667876494,-4.48262592731531,-4.98897176530716,0.898506974620917
11,AE11,28,adhawk,left,0.1,-9,0.999239547092068,-4.46411178537925,-4.98897176530716,0.894795961047979
11,AE11,29,eyelink,right,0.1,-9,0.999475481553899,-4.78193716602126,-4.98897176530716,0.958501549211884
11,AE11,29,eyelink,left,0.1,-9,0.999391197086235,-4.65819442925211,-4.98897176530716,0.933698294635531
11,AE11,29,adhawk,right,0.1,-9,0.990707069153238,-3.81213982535694,-4.98897176530716,0.764113329296871
11,AE11,29,adhawk,left,0.1,-9,0.990752006242461,-3.91767210426201,-4.98897176530716,0.785266441374781
11,AE11,30,eyelink,right,0.2,9,0.994861146432005,-9.92513632783054,-10.8660298353531,0.913409633345443
11,AE11,30,eyelink,left,0.2,9,0.998052378620266,-10.1579514518626,-10.8660298353531,0.934835593660272
11,AE11,30,adhawk,right,0.2,9,0.995698264898203,-8.41788693033729,-10.8660298353531,0.774697571964077
11,AE11,30,adhawk,left,0.2,9,0.997123129428949,-9.01060226512513,-10.8660298353531,0.82924512463685
12,AE12,1,eyelink,right,0.2,-9,0.996827669798206,9.64800596624252,10.8660298353531,0.887905344678172
12,AE12,1,eyelink,left,0.2,-9,0.95967455644207,8.45218652126158,10.8660298353531,0.777854161025954
12,AE12,1,adhawk,right,0.2,-9,0.974373783133288,7.88143711932796,10.8660298353531,0.725328131686639
12,AE12,1,adhawk,left,0.2,-9,0.956342383830614,5.47860651361211,10.8660298353531,0.504195791528864
12,AE12,2,eyelink,right,0.1,-9,0.998904635665934,-5.3012888040006,-4.98897176530716,1.06260148451135
12,AE12,2,eyelink,left,0.1,-9,0.99932966843699,-5.64703422948262,-4.98897176530716,1.13190342522112
12,AE12,2,adhawk,right,0.1,-9,0.996618470421888,-3.42744244618393,-4.98897176530716,0.687003777014343
12,AE12,2,adhawk,left,0.1,-9,0.982884741062957,-2.80249395855734,-4.98897176530716,0.561737786941514
12,AE12,3,eyelink,right,0.1,-9,0.998774729871596,-5.79699377136897,-4.98897176530716,1.1619616313888
12,AE12,3,eyelink,left,0.1,-9,0.998910296705731,-5.80495059798427,-4.98897176530716,1.16355651446083
12,AE12,3,adhawk,right,0.1,-9,0.988809940562449,-4.00364430397071,-4.98897176530716,0.802498890014107
12,AE12,3,adhawk,left,0.1,-9,0.975687148253116,-3.09482564842719,-4.98897176530716,0.620333366075214
12,AE12,4,eyelink,right,0.2,9,0.995858320578935,-10.4040634297986,-10.8660298353531,0.957485262551786
12,AE12,4,eyelink,left,0.2,9,0.994952036398741,-10.2617206327497,-10.8660298353531,0.944385464446517
12,AE12,4,adhawk,right,0.2,9,0.85289661082606,-8.65537433200598,-10.8660298353531,0.796553521677746
12,AE12,4,adhawk,left,0.2,9,0.817176431919074,-6.03244319239057,-10.8660298353531,0.555165344085817
12,AE12,5,eyelink,right,0.01,9,0.991563041308284,0.487320964115735,0.565149628070223,0.862286622712211
12,AE12,5,eyelink,left,0.01,9,0.953141773079222,0.703367655979057,0.565149628070223,1.24456890891143
12,AE12,5,adhawk,right,0.01,9,0.110485475284631,-0.754220908464627,0.565149628070223,-1.33455083574949
12,AE12,5,adhawk,left,0.01,9,0.979661916932848,0.88945328675693,0.565149628070223,1.57383680812829
12,AE12,6,eyelink,right,0.1,9,0.998373473826662,5.37436841262803,4.98897176530716,1.0772497150617
12,AE12,6,eyelink,left,0.1,9,0.998246550356917,5.09819761943378,4.98897176530716,1.0218934600685
12,AE12,6,adhawk,right,0.1,9,0.955367338364235,3.90717588875469,4.98897176530716,0.783162557849059
12,AE12,6,adhawk,left,0.1,9,0.986991465831732,3.00906434672532,4.98897176530716,0.603143190276215
12,AE12,7,eyelink,right,0.01,-9,0.986246285585646,-0.752220980310153,-0.565149628070223,1.33101207706481
12,AE12,7,eyelink,left,0.01,-9,0.983263102514484,-0.41686421125582,-0.565149628070223,0.737617421211542
12,AE12,7,adhawk,right,0.01,-9,0.727357017903563,-0.90000486296124,-0.565149628070223,1.59250721978607
12,AE12,7,adhawk,left,0.01,-9,0.724497505798016,-0.0507175486374087,-0.565149628070223,0.0897418066266634
12,AE12,8,eyelink,right,0.2,9,0.99227852443615,-9.12863557367701,-10.8660298353531,0.840107722139376
12,AE12,8,eyelink,left,0.2,9,0.991643474624236,-9.18236184568159,-10.8660298353531,0.845052147363553
12,AE12,8,adhawk,right,0.2,9,0.923542518869176,-7.52306914457348,-10.8660298353531,0.69234755090556
12,AE12,8,adhawk,left,0.2,9,0.956995969083632,-5.38442087513433,-10.8660298353531,0.495527893510459
12,AE12,9,eyelink,right,0.1,9,0.99911538869458,5.86731844626461,4.98897176530716,1.17605765722416
12,AE12,9,eyelink,left,0.1,9,0.993396552772741,5.67023111209585,4.98897176530716,1.13655305719028
12,AE12,9,adhawk,right,0.1,9,0.983927655073188,5.04252491371,4.98897176530716,1.01073430576923
12,AE12,9,adhawk,left,0.1,9,0.992244869038005,3.09851723593983,4.98897176530716,0.621073315645245
12,AE12,10,eyelink,right,0.01,9,0.979778170177485,0.795482444458166,0.565149628070223,1.40756076788804
12,AE12,10,eyelink,left,0.01,9,0.967603761785149,0.618239016739015,0.565149628070223,1.09393864214345
12,AE12,10,adhawk,right,0.01,9,0.681626771033093,0.282153349856489,0.565149628070223,0.499254243199165
12,AE12,10,adhawk,left,0.01,9,0.841673591838775,0.652117705419654,0.565149628070223,1.15388504748096
12,AE12,11,eyelink,right,0.01,-9,0.991662571070785,-1.07372712353095,-0.565149628070223,1.8998988412986
12,AE12,11,eyelink,left,0.01,-9,0.997593701316261,-0.702890362468535,-0.565149628070223,1.24372436529534
12,AE12,11,adhawk,right,0.01,-9,0.970470831516054,-0.180930172779422,-0.565149628070223,0.320145610636305
12,AE12,11,adhawk,left,0.01,-9,0.877117647785983,-0.29260053231864,-0.565149628070223,0.517739936090487
12,AE12,12,eyelink,right,0.2,9,0.988698554478706,-8.77970634300696,-10.8660298353531,0.807995788345969
12,AE12,12,eyelink,left,0.2,9,0.988826096495055,-8.66049994178414,-10.8660298353531,0.797025231203288
12,AE12,12,adhawk,right,0.2,9,0.975351134954489,-6.78170503983097,-10.8660298353531,0.624119861862185
12,AE12,12,adhawk,left,0.2,9,0.984541613694115,-4.55490196390653,-10.8660298353531,0.419187323514146
12,AE12,13,eyelink,right,0.01,9,0.995624267317419,0.429302670571414,0.565149628070223,0.759626564804305
12,AE12,13,eyelink,left,0.01,9,0.983773349583631,-0.0538178335224771,0.565149628070223,-0.0952275837219342
12,AE12,13,adhawk,right,0.01,9,0.87489608582583,0.118129115174889,0.565149628070223,0.209022724792823
12,AE12,13,adhawk,left,0.01,9,0.967993012942268,0.0582806567270801,0.565149628070223,0.103124294580334
12,AE12,14,eyelink,right,0.2,-9,0.994336406155853,9.82609888043101,10.8660298353531,0.904295223676025
12,AE12,14,eyelink,left,0.2,-9,0.993821703324952,9.41909798912749,10.8660298353531,0.866838958833155
12,AE12,14,adhawk,right,0.2,-9,0.956414876507146,6.89857455480178,10.8660298353531,0.634875355519175
12,AE12,14,adhawk,left,0.2,-9,0.892450823353254,5.60740827677476,10.8660298353531,0.516049409189988
12,AE12,15,eyelink,right,0.1,9,0.997733711641739,3.70761841009093,4.98897176530716,0.743162836854151
12,AE12,15,eyelink,left,0.1,9,0.997115594526485,4.21148920716378,4.98897176530716,0.844159759822672
12,AE12,15,adhawk,right,0.1,9,0.988982747486633,2.05729774331995,4.98897176530716,0.412369089283327
12,AE12,15,adhawk,left,0.1,9,0.993805130646608,2.75829152370299,4.98897176530716,0.552877757874657
12,AE12,16,eyelink,right,0.2,9,0.990674422271717,-10.4881862193852,-10.8660298353531,0.965227077258832
12,AE12,16,eyelink,left,0.2,9,0.993514353486345,-10.561587292632,-10.8660298353531,0.971982173127243
12,AE12,16,adhawk,right,0.2,9,0.818401725846955,-7.8560205963144,-10.8660298353531,0.722989050771284
12,AE12,16,adhawk,left,0.2,9,0.924838385286511,-5.56773680959057,-10.8660298353531,0.512398446714704
12,AE12,17,eyelink,right,0.1,9,0.998716568841965,4.47517301240171,4.98897176530716,0.89701309667087
12,AE12,17,eyelink,left,0.1,9,0.998754843389256,4.39917354599197,4.98897176530716,0.881779603681747
12,AE12,17,adhawk,right,0.1,9,0.987569391716143,3.29573169889683,4.98897176530716,0.66060339764098
12,AE12,17,adhawk,left,0.1,9,0.997097798853478,2.60317819156398,4.98897176530716,0.521786515142507
12,AE12,18,eyelink,right,0.1,9,0.99615678349838,4.09074340175475,4.98897176530716,0.819957216475226
12,AE12,18,eyelink,left,0.1,9,0.994878498512811,4.09158940868621,4.98897176530716,0.820126791885001
12,AE12,18,adhawk,right,0.1,9,0.979985356375425,3.75696413596784,4.98897176530716,0.753053797997699
12,AE12,18,adhawk,left,0.1,9,0.992428328464137,2.59712136960231,4.98897176530716,0.520572473001841
12,AE12,19,eyelink,right,0.2,-9,0.995928920393438,10.2183369241023,10.8660298353531,0.940392864637321
12,AE12,19,eyelink,left,0.2,-9,0.994455407247959,10.2857623948468,10.8660298353531,0.946598026206554
12,AE12,19,adhawk,right,0.2,-9,0.940381589148504,7.57900673326546,10.8660298353531,0.697495483456784
12,AE12,19,adhawk,left,0.2,-9,0.987975857323195,6.29723859904257,10.8660298353531,0.579534447674183
12,AE12,20,eyelink,right,0.01,-9,0.971471908785412,-0.392973655792631,-0.565149628070223,0.695344447335993
12,AE12,20,eyelink,left,0.01,-9,0.973327955919327,-0.212274282181088,-0.565149628070223,0.375607222649914
12,AE12,20,adhawk,right,0.01,-9,0.239127323024758,0.00706601076466392,-0.565149628070223,-0.0125029026185361
12,AE12,20,adhawk,left,0.01,-9,0.874725669760375,-0.0530562851684068,-0.565149628070223,0.0938800673895415
12,AE12,21,eyelink,right,0.01,-9,0.978133826442225,-0.756435620656749,-0.565149628070223,1.33846964252581
12,AE12,21,eyelink,left,0.01,-9,0.989844823992463,-0.707792015312615,-0.565149628070223,1.25239756014609
12,AE12,21,adhawk,right,0.01,-9,0.520931967094906,-0.363764424223645,-0.565149628070223,0.643660379757775
12,AE12,21,adhawk,left,0.01,-9,0.90522359301815,-0.282962133570362,-0.565149628070223,0.500685339803855
12,AE12,22,eyelink,right,0.2,-9,0.987629458701316,8.46011481107012,10.8660298353531,0.778583801007499
12,AE12,22,eyelink,left,0.2,-9,0.991140543839112,8.34428286746104,10.8660298353531,0.767923794973629
12,AE12,22,adhawk,right,0.2,-9,0.884347199090511,6.30669654248243,10.8660298353531,0.580404861577253
12,AE12,22,adhawk,left,0.2,-9,0.974213337165773,4.73923869889996,10.8660298353531,0.436151820923649
12,AE12,23,eyelink,right,0.01,9,0.940818745142991,0.67279303146705,0.565149628070223,1.1904688564768
12,AE12,23,eyelink,left,0.01,9,0.885076308190743,0.518893598003562,0.565149628070223,0.918152595756616
12,AE12,23,adhawk,right,0.01,9,0.739947579621059,0.226681279020903,0.565149628070223,0.401099580999346
12,AE12,23,adhawk,left,0.01,9,0.825777821843037,0.272350367680799,0.565149628070223,0.481908425934517
12,AE12,24,eyelink,right,0.01,9,0.98574788446088,0.924850392370681,0.565149628070223,1.63646996553586
12,AE12,24,eyelink,left,0.01,9,0.991803475136298,0.318063444166046,0.565149628070223,0.562795104815188
12,AE12,24,adhawk,right,0.01,9,-0.0046514636733573,-0.161452156068396,0.565149628070223,-0.285680372151523
12,AE12,24,adhawk,left,0.01,9,0.936445604239959,0.301571307650312,0.565149628070223,0.533613210858983
12,AE12,25,eyelink,right,0.1,-9,0.997252972295337,-4.40106857871235,-4.98897176530716,0.882159448028343
12,AE12,25,eyelink,left,0.1,-9,0.998216159441461,-4.46950898326612,-4.98897176530716,0.895877786750902
12,AE12,25,adhawk,right,0.1,-9,0.983407294014931,-2.98807679044116,-4.98897176530716,0.598936400326008
12,AE12,25,adhawk,left,0.1,-9,0.994542420058578,-2.97176180987636,-4.98897176530716,0.595666191286492
12,AE12,26,eyelink,right,0.01,-9,0.986593440199934,-0.839650260971149,-0.565149628070223,1.48571319747346
12,AE12,26,eyelink,left,0.01,-9,0.99044158036872,-0.988970159412422,-0.565149628070223,1.74992623243758
12,AE12,26,adhawk,right,0.01,-9,0.170105273920114,-0.00965695834448314,-0.565149628070223,0.0170874364324685
12,AE12,26,adhawk,left,0.01,-9,0.987782275102301,-0.482865849100738,-0.565149628070223,0.854403551055225
12,AE12,27,eyelink,right,0.2,-9,0.993114192690032,8.97578570408111,10.8660298353531,0.826040958849384
12,AE12,27,eyelink,left,0.2,-9,0.990771705107291,9.18332326618045,10.8660298353531,0.845140626827849
12,AE12,27,adhawk,right,0.2,-9,0.663572879368702,6.84541755010468,10.8660298353531,0.629983319927284
12,AE12,27,adhawk,left,0.2,-9,0.897403192223991,6.19635191939439,10.8660298353531,0.570249853284433
12,AE12,28,eyelink,right,0.1,-9,0.995149776746472,-4.83020161832753,-4.98897176530716,0.968175777605378
12,AE12,28,eyelink,left,0.1,-9,0.996914316948715,-4.85829459574187,-4.98897176530716,0.973806793120377
12,AE12,28,adhawk,right,0.1,-9,0.991297772452838,-3.29918836450236,-4.98897176530716,0.661296258969555
12,AE12,28,adhawk,left,0.1,-9,0.983430313712096,-2.55747687943052,-4.98897176530716,0.512626047959416
12,AE12,29,eyelink,right,0.1,-9,0.99579680643083,-4.69906866862457,-4.98897176530716,0.941891213195763
12,AE12,29,eyelink,left,0.1,-9,0.995730506950995,-4.91601812050598,-4.98897176530716,0.985377017904072
12,AE12,29,adhawk,right,0.1,-9,0.993604927954985,-3.55526194688396,-4.98897176530716,0.712624186732609
12,AE12,29,adhawk,left,0.1,-9,0.9914382663458,-2.27113343904855,-4.98897176530716,0.455230766155422
12,AE12,30,eyelink,right,0.2,9,0.992873727613914,-8.81863321995388,-10.8660298353531,0.811578226231449
12,AE12,30,eyelink,left,0.2,9,0.990794997616478,-8.6936532239087,-10.8660298353531,0.800076325542886
12,AE12,30,adhawk,right,0.2,9,0.987092774985635,-6.75639392922609,-10.8660298353531,0.621790482043759
12,AE12,30,adhawk,left,0.2,9,0.968022308182924,-5.98857901874789,-10.8660298353531,0.551128527115191
13,AE13,1,eyelink,right,0.2,-9,0.997716504484501,9.56525768569784,10.8660298353531,0.880290025946445
13,AE13,1,eyelink,left,0.2,-9,0.997469209657693,9.77444402409091,10.8660298353531,0.899541430697099
13,AE13,1,adhawk,right,0.2,-9,0.992135910849726,8.9110636858534,10.8660298353531,0.820084595834704
13,AE13,1,adhawk,left,0.2,-9,0.992293821525212,8.11235406690267,10.8660298353531,0.746579402948882
13,AE13,2,eyelink,right,0.1,-9,0.99950242747606,-4.58152014445078,-4.98897176530716,0.918329539627833
13,AE13,2,eyelink,left,0.1,-9,0.999450375749292,-4.49465510740867,-4.98897176530716,0.90091812879441
13,AE13,2,adhawk,right,0.1,-9,0.873336175498839,-4.19731117943838,-4.98897176530716,0.841317886107531
13,AE13,2,adhawk,left,0.1,-9,0.858435412593399,-4.19477408694064,-4.98897176530716,0.840809345947937
13,AE13,3,eyelink,right,0.1,-9,0.999427114902286,-5.03710353479809,-4.98897176530716,1.00964763317075
13,AE13,3,eyelink,left,0.1,-9,0.999199508916,-5.04919088429351,-4.98897176530716,1.01207044694161
13,AE13,3,adhawk,right,0.1,-9,0.998715727680729,-4.72798219868626,-4.98897176530716,0.947686702010264
13,AE13,3,adhawk,left,0.1,-9,0.997423440776908,-3.87243203675969,-4.98897176530716,0.776198427036251
13,AE13,4,eyelink,right,0.2,9,0.995014169307158,-9.72896689517682,-10.8660298353531,0.895356173560575
13,AE13,4,eyelink,left,0.2,9,0.998109211705837,-10.1523701301151,-10.8660298353531,0.934321944992628
13,AE13,4,adhawk,right,0.2,9,0.994917918425298,-9.47742065512729,-10.8660298353531,0.872206389889716
13,AE13,4,adhawk,left,0.2,9,0.994703184372141,-9.95070549887151,-10.8660298353531,0.915762762448566
13,AE13,5,eyelink,right,0.01,9,0.995239880173388,-0.0108262302707644,0.565149628070223,-0.019156396347162
13,AE13,5,eyelink,left,0.01,9,0.995577571763679,-0.193784076375432,0.565149628070223,-0.342889859163727
13,AE13,5,adhawk,right,0.01,9,0.987701715579197,-0.0310271819903665,0.565149628070223,-0.0549008270540898
13,AE13,5,adhawk,left,0.01,9,0.768607300804938,-0.464865776365191,0.565149628070223,-0.822553450052751
13,AE13,6,eyelink,right,0.1,9,0.999538187123607,4.70821166826084,4.98897176530716,0.94372385528443
13,AE13,6,eyelink,left,0.1,9,0.999537567111783,4.91679262191343,4.98897176530716,0.98553226059613
13,AE13,6,adhawk,right,0.1,9,0.971117591506629,5.22383048683665,4.98897176530716,1.04707557640688
13,AE13,6,adhawk,left,0.1,9,0.990412634945265,4.42511724509494,4.98897176530716,0.886979813328828
13,AE13,7,eyelink,right,0.01,-9,0.957410693786614,-0.704138672221519,-0.565149628070223,1.24593317813177
13,AE13,7,eyelink,left,0.01,-9,0.993565800871142,-0.365642427504738,-0.565149628070223,0.646983399340228
13,AE13,7,adhawk,right,0.01,-9,0.749135856403588,-0.926630854469606,-0.565149628070223,1.63962039156552
13,AE13,7,adhawk,left,0.01,-9,0.804566298313533,-0.350569425108487,-0.565149628070223,0.620312582183859
13,AE13,8,eyelink,right,0.2,9,0.995617816270584,-9.98310766043233,-10.8660298353531,0.918744731212852
13,AE13,8,eyelink,left,0.2,9,0.998539363747527,-10.0217905443542,-10.8660298353531,0.922304714436531
13,AE13,8,adhawk,right,0.2,9,0.953351233616686,-9.89003597104313,-10.8660298353531,0.910179349854668
13,AE13,8,adhawk,left,0.2,9,0.966264890921505,-9.68745356583231,-10.8660298353531,0.891535704633696
13,AE13,9,eyelink,right,0.1,9,0.999319893801617,4.11414949970652,4.98897176530716,0.824648784007143
13,AE13,9,eyelink,left,0.1,9,0.99916293416864,4.66934740228269,4.98897176530716,0.93593382002137
13,AE13,9,adhawk,right,0.1,9,0.997664662861277,4.74315451039751,4.98897176530716,0.950727872100011
13,AE13,9,adhawk,left,0.1,9,0.998357506582462,3.87013048668553,4.98897176530716,0.775737099495742
13,AE13,10,eyelink,right,0.01,9,0.996907455588424,0.252162156947976,0.565149628070223,0.446186539676255
13,AE13,10,eyelink,left,0.01,9,0.994833046354996,0.311031488539402,0.565149628070223,0.550352460819021
13,AE13,10,adhawk,right,0.01,9,0.987234691872059,0.187815145449841,0.565149628070223,0.332328176683333
13,AE13,10,adhawk,left,0.01,9,0.95787728879298,0.234741943377019,0.565149628070223,0.415362466358823
13,AE13,11,eyelink,right,0.01,-9,0.995972294646622,-0.560365914666183,-0.565149628070223,0.991535492254724
13,AE13,11,eyelink,left,0.01,-9,0.994915832303412,-0.713370814856233,-0.565149628070223,1.26226892742039
13,AE13,11,adhawk,right,0.01,-9,0.934259393266786,-0.574660350898499,-0.565149628070223,1.01682868103577
13,AE13,11,adhawk,left,0.01,-9,0.994252523877243,-0.491490933392492,-0.565149628070223,0.869665145265602
13,AE13,12,eyelink,right,0.2,9,0.998180993497951,-10.0872462791929,-10.8660298353531,0.928328601341914
13,AE13,12,eyelink,left,0.2,9,0.998509018190932,-10.2052368267416,-10.8660298353531,0.939187263552173
13,AE13,12,adhawk,right,0.2,9,0.985092395467315,-10.7171589556479,-10.8660298353531,0.986299422883888
13,AE13,12,adhawk,left,0.2,9,0.97760581157894,-10.0269421318974,-10.8660298353531,0.92277881469406
13,AE13,13,eyelink,right,0.01,9,0.995535482302286,0.174917013316553,0.565149628070223,0.309505668284398
13,AE13,13,eyelink,left,0.01,9,0.997676971069939,0.146016800048261,0.565149628070223,0.258368390946047
13,AE13,13,adhawk,right,0.01,9,0.986594437521373,0.30696455164194,0.565149628070223,0.543156248178223
13,AE13,13,adhawk,left,0.01,9,0.989868001580765,0.121895041591483,0.565149628070223,0.215686316573735
13,AE13,14,eyelink,right,0.2,-9,0.998171204583423,10.2438598377466,10.8660298353531,0.942741736675318
13,AE13,14,eyelink,left,0.2,-9,0.997919661422364,10.4180828318482,10.8660298353531,0.958775467186049
13,AE13,14,adhawk,right,0.2,-9,0.872717119291612,10.4892984664096,10.8660298353531,0.965329437278201
13,AE13,14,adhawk,left,0.2,-9,0.918644392707168,9.98000935826898,10.8660298353531,0.918459594671696
13,AE13,15,eyelink,right,0.1,9,0.999594815214114,4.44634076082052,4.98897176530716,0.891233899486052
13,AE13,15,eyelink,left,0.1,9,0.999308317927417,4.74864863480833,4.98897176530716,0.951829125959378
13,AE13,15,adhawk,right,0.1,9,0.859243311567758,4.91297294009687,4.98897176530716,0.984766635534244
13,AE13,15,adhawk,left,0.1,9,0.995351483156978,4.22803134213663,4.98897176530716,0.847475500169787
13,AE13,16,eyelink,right,0.2,9,0.996698309413446,-10.0320610123164,-10.8660298353531,0.923249904917126
13,AE13,16,eyelink,left,0.2,9,0.996972519262796,-10.1508988472218,-10.8660298353531,0.934186542926229
13,AE13,16,adhawk,right,0.2,9,0.982779193369375,-9.95481012613488,-10.8660298353531,0.916140511021464
13,AE13,16,adhawk,left,0.2,9,0.972835647774063,-10.0382428313953,-10.8660298353531,0.923818817314072
13,AE13,17,eyelink,right,0.1,9,0.99955374554786,4.16611000585362,4.98897176530716,0.83506385721089
13,AE13,17,eyelink,left,0.1,9,0.999492051798361,4.14242047922288,4.98897176530716,0.830315478638079
13,AE13,17,adhawk,right,0.1,9,0.949262503325298,5.95933466248127,4.98897176530716,1.19450158125206
13,AE13,17,adhawk,left,0.1,9,0.989902470162598,3.97077740689699,4.98897176530716,0.795910979995798
13,AE13,18,eyelink,right,0.1,9,0.99972688097362,4.29971820201766,4.98897176530716,0.861844565230354
13,AE13,18,eyelink,left,0.1,9,0.999467937602305,4.81011754665944,4.98897176530716,0.964150084013011
13,AE13,18,adhawk,right,0.1,9,0.994173640306477,6.11070793064926,4.98897176530716,1.22484315769084
13,AE13,18,adhawk,left,0.1,9,0.99550848855385,5.00192867433196,4.98897176530716,1.00259711011293
13,AE13,19,eyelink,right,0.2,-9,0.997922444830063,9.60661136859195,10.8660298353531,0.884095802621156
13,AE13,19,eyelink,left,0.2,-9,0.998432689696929,9.83959506921066,10.8660298353531,0.905537277027999
13,AE13,19,adhawk,right,0.2,-9,0.963937510848114,9.49028354232111,10.8660298353531,0.873390160539044
13,AE13,19,adhawk,left,0.2,-9,0.995531845623348,9.10092494698013,10.8660298353531,0.837557515015269
13,AE13,20,eyelink,right,0.01,-9,0.993357956658576,-0.621513938838894,-0.565149628070223,1.09973342981952
13,AE13,20,eyelink,left,0.01,-9,0.988055091301576,-0.6463858289603,-0.565149628070223,1.14374281934409
13,AE13,20,adhawk,right,0.01,-9,0.990793749644708,-0.476441253598,-0.565149628070223,0.843035596121456
13,AE13,20,adhawk,left,0.01,-9,0.994417116362493,-0.321766632443143,-0.565149628070223,0.569347685040256
13,AE13,21,eyelink,right,0.01,-9,0.997821075608298,-0.931747011937898,-0.565149628070223,1.6486731401018
13,AE13,21,eyelink,left,0.01,-9,0.997798356402677,-0.799578575347794,-0.565149628070223,1.41480863763117
13,AE13,21,adhawk,right,0.01,-9,0.984859962793532,-0.932966878204559,-0.565149628070223,1.65083162381314
13,AE13,21,adhawk,left,0.01,-9,0.885377542465489,0.232135660971484,-0.565149628070223,-0.410750798446318
13,AE13,22,eyelink,right,0.2,-9,0.992819264098925,10.2121427794242,10.8660298353531,0.939822817916306
13,AE13,22,eyelink,left,0.2,-9,0.997855731798377,10.2193691596989,10.8660298353531,0.940487861210329
13,AE13,22,adhawk,right,0.2,-9,0.17870110984393,9.71170512806136,10.8660298353531,0.893767574285862
13,AE13,22,adhawk,left,0.2,-9,0.126110194619486,8.32309926174157,10.8660298353531,0.765974269154129
13,AE13,23,eyelink,right,0.01,9,0.984118505462507,0.707312658941253,0.565149628070223,1.25154936641552
13,AE13,23,eyelink,left,0.01,9,0.994601720688084,0.595251360431467,0.565149628070223,1.05326329677333
13,AE13,23,adhawk,right,0.01,9,-0.0495335539448332,3.01950613948307e-14,0.565149628070223,5.34284371697026e-14
13,AE13,23,adhawk,left,0.01,9,0.36053981086231,4.68317683709592e-14,0.565149628070223,8.28661403014143e-14
13,AE13,24,eyelink,right,0.01,9,0.986040860140006,0.192637908380463,0.565149628070223,0.340861780336386
13,AE13,24,eyelink,left,0.01,9,0.997979292453934,0.677151960024672,0.565149628070223,1.19818173168917
13,AE13,24,adhawk,right,0.01,9,0.991496907066456,0.870439398334997,0.565149628070223,1.54019281815194
13,AE13,24,adhawk,left,0.01,9,0.936531001720935,0.217947523344263,0.565149628070223,0.385645698977938
13,AE13,25,eyelink,right,0.1,-9,0.998816854796431,-5.2558113863977,-4.98897176530716,1.05348589521916
13,AE13,25,eyelink,left,0.1,-9,0.999015123437821,-5.22839913669449,-4.98897176530716,1.04799132619917
13,AE13,25,adhawk,right,0.1,-9,0.998029928301004,-4.60757826432538,-4.98897176530716,0.923552684015181
13,AE13,25,adhawk,left,0.1,-9,0.991345577141696,-5.33139843930165,-4.98897176530716,1.06863672317725
13,AE13,26,eyelink,right,0.01,-9,0.998469823841206,-0.773953273745298,-0.565149628070223,1.36946612950638
13,AE13,26,eyelink,left,0.01,-9,0.999243320608511,-0.495616536396854,-0.565149628070223,0.876965164233056
13,AE13,26,adhawk,right,0.01,-9,0.981863687066231,-0.0790445466020971,-0.565149628070223,0.139864812212661
13,AE13,26,adhawk,left,0.01,-9,0.970094635750103,-1.27413059684972,-0.565149628070223,2.25450134542317
13,AE13,27,eyelink,right,0.2,-9,0.997941735908581,9.57614856110209,10.8660298353531,0.881292312482491
13,AE13,27,eyelink,left,0.2,-9,0.997219995939469,10.5080018910682,10.8660298353531,0.967050712200327
13,AE13,27,adhawk,right,0.2,-9,0.994794823742572,9.94972778379214,10.8660298353531,0.915672783395114
13,AE13,27,adhawk,left,0.2,-9,0.993071415913006,8.79246744591508,10.8660298353531,0.809170191794283
13,AE13,28,eyelink,right,0.1,-9,0.999054653466238,-4.96288029211201,-4.98897176530716,0.994770170202889
13,AE13,28,eyelink,left,0.1,-9,0.998861294210944,-4.89408677107787,-4.98897176530716,0.980981052069865
13,AE13,28,adhawk,right,0.1,-9,0.980620139482561,-4.04331132046498,-4.98897176530716,0.810449830280015
13,AE13,28,adhawk,left,0.1,-9,0.996941100153926,-4.960079625137,-4.98897176530716,0.994208798620374
13,AE13,29,eyelink,right,0.1,-9,0.999364023462622,-4.60123434033386,-4.98897176530716,0.922281094539443
13,AE13,29,eyelink,left,0.1,-9,0.99939780086758,-4.83485746682592,-4.98897176530716,0.969109005676694
13,AE13,29,adhawk,right,0.1,-9,0.994995610240569,-5.00533916732702,-4.98897176530716,1.00328071650629
13,AE13,29,adhawk,left,0.1,-9,0.997439813697496,-4.65225305272952,-4.98897176530716,0.932507392621631
13,AE13,30,eyelink,right,0.2,9,0.997574492463315,-10.0792156564543,-10.8660298353531,0.92758954366765
13,AE13,30,eyelink,left,0.2,9,0.996644818367687,-10.2274312307965,-10.8660298353531,0.941229813074973
13,AE13,30,adhawk,right,0.2,9,0.943050216974792,-9.19437910896549,-10.8660298353531,0.846158095300931
13,AE13,30,adhawk,left,0.2,9,0.99477230095017,-10.0613072729969,-10.8660298353531,0.925941436334182
